# tau(fm)  ecc_1  ecc_2  ecc_3  ecc_4  ecc_5  ecc_6
    6.00000000e-01  1.50596079e-04  1.35272124e-01  1.50596105e-04  1.43940004e-01  2.51104399e-04  5.37937809e-02  
    6.25000000e-01  1.50845941e-04  1.35151121e-01  1.50686783e-04  1.44055671e-01  2.50586923e-04  5.37545418e-02  
    6.50000000e-01  1.51082540e-04  1.35022980e-01  1.50713989e-04  1.44160702e-01  2.50023479e-04  5.37040539e-02  
    6.75000000e-01  1.51317087e-04  1.34887891e-01  1.50727507e-04  1.44254314e-01  2.49443202e-04  5.36449588e-02  
    7.00000000e-01  1.51546968e-04  1.34747119e-01  1.50738426e-04  1.44334292e-01  2.48844945e-04  5.35783106e-02  
    7.25000000e-01  1.51768921e-04  1.34601076e-01  1.50756115e-04  1.44398942e-01  2.48237174e-04  5.35045057e-02  
    7.50000000e-01  1.51980923e-04  1.34450208e-01  1.50786994e-04  1.44447959e-01  2.47612777e-04  5.34241708e-02  
    7.75000000e-01  1.52187529e-04  1.34294718e-01  1.50836463e-04  1.44482611e-01  2.46964989e-04  5.33388435e-02  
    8.00000000e-01  1.52384426e-04  1.34134631e-01  1.50907171e-04  1.44500961e-01  2.46275647e-04  5.32474668e-02  
    8.25000000e-01  1.52563983e-04  1.33969916e-01  1.50989595e-04  1.44502765e-01  2.45551152e-04  5.31499494e-02  
    8.50000000e-01  1.52721209e-04  1.33800463e-01  1.51071658e-04  1.44485945e-01  2.44832733e-04  5.30448470e-02  
    8.75000000e-01  1.52852922e-04  1.33626284e-01  1.51159707e-04  1.44452567e-01  2.44018725e-04  5.29334791e-02  
    9.00000000e-01  1.52961210e-04  1.33447328e-01  1.51248915e-04  1.44402580e-01  2.43149382e-04  5.28158800e-02  
    9.25000000e-01  1.53043331e-04  1.33263511e-01  1.51338906e-04  1.44335803e-01  2.42150971e-04  5.26920893e-02  
    9.50000000e-01  1.53101836e-04  1.33074783e-01  1.51420279e-04  1.44252417e-01  2.41197404e-04  5.25619372e-02  
    9.75000000e-01  1.53135071e-04  1.32881080e-01  1.51489773e-04  1.44152546e-01  2.40215676e-04  5.24254963e-02  
    1.00000000e+00  1.53141689e-04  1.32682306e-01  1.51547768e-04  1.44036189e-01  2.39206715e-04  5.22826839e-02  
    1.02500000e+00  1.53122184e-04  1.32478422e-01  1.51592873e-04  1.43903336e-01  2.38173907e-04  5.21334409e-02  
    1.05000000e+00  1.53076944e-04  1.32269353e-01  1.51627655e-04  1.43754023e-01  2.37114323e-04  5.19778093e-02  
    1.07500000e+00  1.53004039e-04  1.32055076e-01  1.51647452e-04  1.43588241e-01  2.36032994e-04  5.18157247e-02  
    1.10000000e+00  1.52904676e-04  1.31835553e-01  1.51648895e-04  1.43406212e-01  2.34963053e-04  5.16472358e-02  
    1.12500000e+00  1.52778304e-04  1.31610744e-01  1.51634607e-04  1.43208131e-01  2.33853823e-04  5.14724830e-02  
    1.15000000e+00  1.52627006e-04  1.31380612e-01  1.51610034e-04  1.42994192e-01  2.32719179e-04  5.12913939e-02  
    1.17500000e+00  1.52451839e-04  1.31145141e-01  1.51576498e-04  1.42764617e-01  2.31559552e-04  5.11041249e-02  
    1.20000000e+00  1.52250919e-04  1.30904318e-01  1.51528887e-04  1.42519604e-01  2.30341922e-04  5.09108698e-02  
    1.22500000e+00  1.52024538e-04  1.30658133e-01  1.51467501e-04  1.42259362e-01  2.29108577e-04  5.07115943e-02  
    1.25000000e+00  1.51774171e-04  1.30406622e-01  1.51394210e-04  1.41984104e-01  2.27843446e-04  5.05064568e-02  
    1.27500000e+00  1.51500497e-04  1.30149803e-01  1.51308646e-04  1.41694024e-01  2.26528135e-04  5.02955090e-02  
    1.30000000e+00  1.51208761e-04  1.29887705e-01  1.51213284e-04  1.41389308e-01  2.25209404e-04  5.00787524e-02  
    1.32500000e+00  1.50888074e-04  1.29620350e-01  1.51105176e-04  1.41070282e-01  2.23882446e-04  4.98562908e-02  
    1.35000000e+00  1.50545740e-04  1.29347795e-01  1.50983195e-04  1.40737226e-01  2.22530992e-04  4.96283539e-02  
    1.37500000e+00  1.50188149e-04  1.29070076e-01  1.50851377e-04  1.40390486e-01  2.21176926e-04  4.93950913e-02  
    1.40000000e+00  1.49804841e-04  1.28787208e-01  1.50705070e-04  1.40030337e-01  2.19723353e-04  4.91567222e-02  
    1.42500000e+00  1.49393362e-04  1.28499233e-01  1.50555080e-04  1.39656990e-01  2.18282642e-04  4.89133459e-02  
    1.45000000e+00  1.48962401e-04  1.28206204e-01  1.50399018e-04  1.39270690e-01  2.16811737e-04  4.86650966e-02  
    1.47500000e+00  1.48507212e-04  1.27908178e-01  1.50236047e-04  1.38871548e-01  2.15315078e-04  4.84120152e-02  
    1.50000000e+00  1.48040979e-04  1.27605216e-01  1.50061157e-04  1.38459818e-01  2.13768612e-04  4.81543045e-02  
    1.52500000e+00  1.47553235e-04  1.27297377e-01  1.49886082e-04  1.38035774e-01  2.12209508e-04  4.78921422e-02  
    1.55000000e+00  1.47050834e-04  1.26984723e-01  1.49704994e-04  1.37599675e-01  2.10635769e-04  4.76256418e-02  
    1.57500000e+00  1.46537577e-04  1.26667297e-01  1.49517134e-04  1.37151899e-01  2.09067440e-04  4.73550710e-02  
    1.60000000e+00  1.46006131e-04  1.26345163e-01  1.49318961e-04  1.36692738e-01  2.07526425e-04  4.70805602e-02  
    1.62500000e+00  1.45464565e-04  1.26018388e-01  1.49111927e-04  1.36222512e-01  2.05973327e-04  4.68023315e-02  
    1.65000000e+00  1.44901701e-04  1.25687051e-01  1.48893878e-04  1.35741435e-01  2.04374019e-04  4.65204858e-02  
    1.67500000e+00  1.44307405e-04  1.25351240e-01  1.48662666e-04  1.35249694e-01  2.02711988e-04  4.62351630e-02  
    1.70000000e+00  1.43687513e-04  1.25011052e-01  1.48405704e-04  1.34747482e-01  2.00987438e-04  4.59464747e-02  
    1.72500000e+00  1.43046091e-04  1.24666604e-01  1.48128267e-04  1.34235067e-01  1.99215465e-04  4.56545351e-02  
    1.75000000e+00  1.42377884e-04  1.24317988e-01  1.47825330e-04  1.33712728e-01  1.97416325e-04  4.53594559e-02  
    1.77500000e+00  1.41686732e-04  1.23965276e-01  1.47497378e-04  1.33180733e-01  1.95584499e-04  4.50613462e-02  
    1.80000000e+00  1.40982707e-04  1.23608553e-01  1.47148480e-04  1.32639357e-01  1.93809220e-04  4.47604831e-02  
    1.82500000e+00  1.40264442e-04  1.23247889e-01  1.46778216e-04  1.32088885e-01  1.92081801e-04  4.44570738e-02  
    1.85000000e+00  1.39538820e-04  1.22883354e-01  1.46391260e-04  1.31529548e-01  1.90353883e-04  4.41510739e-02  
    1.87500000e+00  1.38788810e-04  1.22515027e-01  1.45980709e-04  1.30961557e-01  1.88559839e-04  4.38425677e-02  
    1.90000000e+00  1.38022781e-04  1.22143008e-01  1.45549718e-04  1.30385148e-01  1.86755254e-04  4.35318915e-02  
    1.92500000e+00  1.37237449e-04  1.21767388e-01  1.45102033e-04  1.29800546e-01  1.84917268e-04  4.32190034e-02  
    1.95000000e+00  1.36424608e-04  1.21388267e-01  1.44638858e-04  1.29207976e-01  1.83044037e-04  4.29039629e-02  
    1.97500000e+00  1.35613432e-04  1.21005745e-01  1.44170543e-04  1.28607664e-01  1.81245212e-04  4.25868958e-02  
    2.00000000e+00  1.34775621e-04  1.20619941e-01  1.43674637e-04  1.27999799e-01  1.79441572e-04  4.22678756e-02  
    2.02500000e+00  1.33924369e-04  1.20230960e-01  1.43181610e-04  1.27384537e-01  1.77639406e-04  4.19469604e-02  
    2.05000000e+00  1.33083984e-04  1.19838888e-01  1.42673125e-04  1.26762084e-01  1.75838615e-04  4.16242329e-02  
    2.07500000e+00  1.32224969e-04  1.19443819e-01  1.42184571e-04  1.26132668e-01  1.74081963e-04  4.12998454e-02  
    2.10000000e+00  1.31357525e-04  1.19045834e-01  1.41690982e-04  1.25496491e-01  1.72303290e-04  4.09738488e-02  
    2.12500000e+00  1.30482611e-04  1.18645021e-01  1.41218508e-04  1.24853750e-01  1.70524602e-04  4.06466021e-02  
    2.15000000e+00  1.29606855e-04  1.18241469e-01  1.40745178e-04  1.24204653e-01  1.68748351e-04  4.03180627e-02  
    2.17500000e+00  1.28725398e-04  1.17835266e-01  1.40272170e-04  1.23549305e-01  1.66897732e-04  3.99885294e-02  
    2.20000000e+00  1.27842087e-04  1.17426486e-01  1.39807106e-04  1.22887889e-01  1.65065244e-04  3.96581186e-02  
    2.22500000e+00  1.26955332e-04  1.17015192e-01  1.39340614e-04  1.22220705e-01  1.63243266e-04  3.93268612e-02  
    2.25000000e+00  1.26081986e-04  1.16601418e-01  1.38912931e-04  1.21548134e-01  1.61479551e-04  3.89947222e-02  
    2.27500000e+00  1.25177416e-04  1.16185310e-01  1.38449698e-04  1.20870430e-01  1.59773333e-04  3.86621599e-02  
    2.30000000e+00  1.24279415e-04  1.15766946e-01  1.38019786e-04  1.20187693e-01  1.58011438e-04  3.83290885e-02  
    2.32500000e+00  1.23359299e-04  1.15346411e-01  1.37597123e-04  1.19500029e-01  1.56203187e-04  3.79958151e-02  
    2.35000000e+00  1.22442409e-04  1.14923768e-01  1.37185323e-04  1.18807744e-01  1.54437091e-04  3.76626335e-02  
    2.37500000e+00  1.21488771e-04  1.14499106e-01  1.36723859e-04  1.18111294e-01  1.52752440e-04  3.73295860e-02  
    2.40000000e+00  1.20526937e-04  1.14072574e-01  1.36236839e-04  1.17411042e-01  1.51135655e-04  3.69963489e-02  
    2.42500000e+00  1.19573004e-04  1.13644227e-01  1.35785640e-04  1.16706987e-01  1.49389582e-04  3.66629098e-02  
    2.45000000e+00  1.18626385e-04  1.13214129e-01  1.35302000e-04  1.15998381e-01  1.47627130e-04  3.63291267e-02  
    2.47500000e+00  1.17677144e-04  1.12782329e-01  1.34824832e-04  1.15285819e-01  1.45859889e-04  3.59951749e-02  
    2.50000000e+00  1.16704723e-04  1.12348897e-01  1.34350306e-04  1.14569792e-01  1.44235675e-04  3.56614720e-02  
    2.52500000e+00  1.15752496e-04  1.11913988e-01  1.33903267e-04  1.13850632e-01  1.42604150e-04  3.53282942e-02  
    2.55000000e+00  1.14813083e-04  1.11477666e-01  1.33445304e-04  1.13128418e-01  1.41002719e-04  3.49952498e-02  
    2.57500000e+00  1.13867445e-04  1.11040013e-01  1.32962454e-04  1.12403326e-01  1.39436102e-04  3.46624881e-02  
    2.60000000e+00  1.12895962e-04  1.10601134e-01  1.32493380e-04  1.11675414e-01  1.37905167e-04  3.43297343e-02  
    2.62500000e+00  1.11932965e-04  1.10161003e-01  1.32027238e-04  1.10944726e-01  1.36315347e-04  3.39973839e-02  
    2.65000000e+00  1.10950270e-04  1.09719572e-01  1.31517195e-04  1.10210666e-01  1.34640293e-04  3.36658375e-02  
    2.67500000e+00  1.09957638e-04  1.09277137e-01  1.31034676e-04  1.09473583e-01  1.33003094e-04  3.33346400e-02  
    2.70000000e+00  1.08978897e-04  1.08833820e-01  1.30563483e-04  1.08733877e-01  1.31382222e-04  3.30038316e-02  
    2.72500000e+00  1.08014310e-04  1.08389632e-01  1.30059859e-04  1.07992098e-01  1.29848696e-04  3.26739655e-02  
    2.75000000e+00  1.07068360e-04  1.07944602e-01  1.29619788e-04  1.07248439e-01  1.28219999e-04  3.23445506e-02  
    2.77500000e+00  1.06090700e-04  1.07498751e-01  1.29140663e-04  1.06503075e-01  1.26680669e-04  3.20159046e-02  
    2.80000000e+00  1.05120859e-04  1.07052153e-01  1.28694623e-04  1.05756136e-01  1.25169495e-04  3.16878193e-02  
    2.82500000e+00  1.04163083e-04  1.06604739e-01  1.28241451e-04  1.05007407e-01  1.23521736e-04  3.13612141e-02  
    2.85000000e+00  1.03206161e-04  1.06156602e-01  1.27795216e-04  1.04256703e-01  1.21896961e-04  3.10358705e-02  
    2.87500000e+00  1.02223877e-04  1.05707911e-01  1.27301272e-04  1.03504505e-01  1.20345904e-04  3.07115435e-02  
    2.90000000e+00  1.01217932e-04  1.05258723e-01  1.26790886e-04  1.02751374e-01  1.18876195e-04  3.03884071e-02  
    2.92500000e+00  1.00211193e-04  1.04809078e-01  1.26282190e-04  1.01997422e-01  1.17378998e-04  3.00660936e-02  
    2.95000000e+00  9.91834020e-05  1.04359041e-01  1.25708841e-04  1.01242842e-01  1.16037412e-04  2.97449197e-02  
    2.97500000e+00  9.81537461e-05  1.03908668e-01  1.25090428e-04  1.00487858e-01  1.14764837e-04  2.94254210e-02  
    3.00000000e+00  9.71266882e-05  1.03458003e-01  1.24477607e-04  9.97326176e-02  1.13500459e-04  2.91074115e-02  
    3.02500000e+00  9.60690745e-05  1.03006960e-01  1.23826069e-04  9.89765634e-02  1.12103894e-04  2.87912654e-02  
    3.05000000e+00  9.50451764e-05  1.02555635e-01  1.23245194e-04  9.82196080e-02  1.10606729e-04  2.84766216e-02  
    3.07500000e+00  9.40334127e-05  1.02104210e-01  1.22704419e-04  9.74621501e-02  1.08982892e-04  2.81631015e-02  
    3.10000000e+00  9.30396579e-05  1.01652828e-01  1.22178410e-04  9.67046845e-02  1.07391980e-04  2.78508074e-02  
    3.12500000e+00  9.20568718e-05  1.01201550e-01  1.21632690e-04  9.59472177e-02  1.06028097e-04  2.75397794e-02  
    3.15000000e+00  9.10982434e-05  1.00750458e-01  1.21130202e-04  9.51901124e-02  1.04658123e-04  2.72303387e-02  
    3.17500000e+00  9.01358657e-05  1.00299599e-01  1.20641528e-04  9.44332782e-02  1.03353125e-04  2.69221977e-02  
    3.20000000e+00  8.91627878e-05  9.98489446e-02  1.20153556e-04  9.36765625e-02  1.01958353e-04  2.66150715e-02  
    3.22500000e+00  8.82011171e-05  9.93984676e-02  1.19654121e-04  9.29196831e-02  1.00578613e-04  2.63089190e-02  
    3.25000000e+00  8.72608807e-05  9.89482272e-02  1.19165365e-04  9.21629290e-02  9.92473325e-05  2.60042246e-02  
    3.27500000e+00  8.63444463e-05  9.84982364e-02  1.18685512e-04  9.14066319e-02  9.79447607e-05  2.57012877e-02  
    3.30000000e+00  8.54253614e-05  9.80485268e-02  1.18217408e-04  9.06509699e-02  9.68418115e-05  2.54004280e-02  
    3.32500000e+00  8.45006742e-05  9.75991105e-02  1.17741205e-04  8.98961994e-02  9.56104858e-05  2.51019173e-02  
    3.35000000e+00  8.35444364e-05  9.71500430e-02  1.17279184e-04  8.91423447e-02  9.44646284e-05  2.48048779e-02  
    3.37500000e+00  8.25738611e-05  9.67012292e-02  1.16758708e-04  8.83889311e-02  9.32478650e-05  2.45094660e-02  
    3.40000000e+00  8.16292751e-05  9.62527693e-02  1.16226747e-04  8.76361096e-02  9.20822401e-05  2.42158249e-02  
    3.42500000e+00  8.06897517e-05  9.58047771e-02  1.15697797e-04  8.68842080e-02  9.09295329e-05  2.39242006e-02  
    3.45000000e+00  7.97364126e-05  9.53573877e-02  1.15169950e-04  8.61335411e-02  8.97901559e-05  2.36345986e-02  
    3.47500000e+00  7.87739481e-05  9.49106255e-02  1.14633316e-04  8.53841762e-02  8.85127916e-05  2.33470467e-02  
    3.50000000e+00  7.78333977e-05  9.44645075e-02  1.14076359e-04  8.46363400e-02  8.71661847e-05  2.30611470e-02  
    3.52500000e+00  7.68896406e-05  9.40191275e-02  1.13514072e-04  8.38897329e-02  8.59793662e-05  2.27763807e-02  
    3.55000000e+00  7.59477297e-05  9.35744462e-02  1.12914954e-04  8.31440743e-02  8.48352266e-05  2.24930085e-02  
    3.57500000e+00  7.50210046e-05  9.31304715e-02  1.12316659e-04  8.23996680e-02  8.36427701e-05  2.22114397e-02  
    3.60000000e+00  7.40963333e-05  9.26872759e-02  1.11764225e-04  8.16567990e-02  8.25489404e-05  2.19321079e-02  
    3.62500000e+00  7.31627648e-05  9.22448447e-02  1.11210664e-04  8.09156228e-02  8.13708730e-05  2.16551222e-02  
    3.65000000e+00  7.22767989e-05  9.18031938e-02  1.10684619e-04  8.01763479e-02  8.02642541e-05  2.13798977e-02  
    3.67500000e+00  7.13787318e-05  9.13623917e-02  1.10126717e-04  7.94387200e-02  7.90821382e-05  2.11062206e-02  
    3.70000000e+00  7.04831954e-05  9.09224036e-02  1.09533040e-04  7.87023325e-02  7.78892598e-05  2.08342602e-02  
    3.72500000e+00  6.95702289e-05  9.04832180e-02  1.08901972e-04  7.79674235e-02  7.68344823e-05  2.05644193e-02  
    3.75000000e+00  6.86593324e-05  9.00448944e-02  1.08325028e-04  7.72343854e-02  7.57680237e-05  2.02967295e-02  
    3.77500000e+00  6.77235544e-05  8.96075099e-02  1.07696961e-04  7.65033255e-02  7.47670116e-05  2.00311432e-02  
    3.80000000e+00  6.68220818e-05  8.91710217e-02  1.07108797e-04  7.57745985e-02  7.36322966e-05  1.97677909e-02  
    3.82500000e+00  6.59104625e-05  8.87356296e-02  1.06477226e-04  7.50481596e-02  7.25795664e-05  1.95057788e-02  
    3.85000000e+00  6.50046820e-05  8.83011925e-02  1.05831956e-04  7.43231668e-02  7.14998469e-05  1.92455470e-02  
    3.87500000e+00  6.41023502e-05  8.78677260e-02  1.05169251e-04  7.35997468e-02  7.04725207e-05  1.89871282e-02  
    3.90000000e+00  6.32085120e-05  8.74352422e-02  1.04580344e-04  7.28783898e-02  6.94986413e-05  1.87306136e-02  
    3.92500000e+00  6.23210930e-05  8.70037888e-02  1.03982841e-04  7.21594619e-02  6.83847167e-05  1.84762625e-02  
    3.95000000e+00  6.14806956e-05  8.65733668e-02  1.03402209e-04  7.14431081e-02  6.73775095e-05  1.82241828e-02  
    3.97500000e+00  6.06354969e-05  8.61440716e-02  1.02796925e-04  7.07295445e-02  6.63173232e-05  1.79739622e-02  
    4.00000000e+00  5.97548890e-05  8.57158403e-02  1.02104050e-04  7.00178509e-02  6.54255907e-05  1.77255448e-02  
    4.02500000e+00  5.88923077e-05  8.52886246e-02  1.01417217e-04  6.93076607e-02  6.45294882e-05  1.74788787e-02  
    4.05000000e+00  5.80167378e-05  8.48624743e-02  1.00789718e-04  6.85996288e-02  6.35598942e-05  1.72339896e-02  
    4.07500000e+00  5.71748543e-05  8.44374265e-02  1.00171260e-04  6.78940700e-02  6.26038315e-05  1.69915531e-02  
    4.10000000e+00  5.63776862e-05  8.40135203e-02  9.95816789e-05  6.71912953e-02  6.17024005e-05  1.67513760e-02  
    4.12500000e+00  5.55641358e-05  8.35908306e-02  9.89571156e-05  6.64916344e-02  6.07243341e-05  1.65133096e-02  
    4.15000000e+00  5.47196520e-05  8.31693616e-02  9.82609860e-05  6.57940543e-02  5.98725261e-05  1.62768338e-02  
    4.17500000e+00  5.38954753e-05  8.27490130e-02  9.76116371e-05  6.50980998e-02  5.90943904e-05  1.60418425e-02  
    4.20000000e+00  5.30471814e-05  8.23297777e-02  9.69833554e-05  6.44043959e-02  5.81184925e-05  1.58086006e-02  
    4.22500000e+00  5.22520931e-05  8.19117275e-02  9.63706805e-05  6.37133148e-02  5.69725327e-05  1.55778022e-02  
    4.25000000e+00  5.14677804e-05  8.14949428e-02  9.57920021e-05  6.30252681e-02  5.58180085e-05  1.53490579e-02  
    4.27500000e+00  5.06757287e-05  8.10793911e-02  9.51877797e-05  6.23405955e-02  5.49064899e-05  1.51225156e-02  
    4.30000000e+00  4.98298914e-05  8.06651189e-02  9.45206304e-05  6.16580949e-02  5.41350311e-05  1.48975654e-02  
    4.32500000e+00  4.89794218e-05  8.02520565e-02  9.38432044e-05  6.09774066e-02  5.34332104e-05  1.46740336e-02  
    4.35000000e+00  4.81432915e-05  7.98401577e-02  9.31823666e-05  6.02990028e-02  5.25319411e-05  1.44523790e-02  
    4.37500000e+00  4.73618436e-05  7.94295061e-02  9.25473585e-05  5.96233758e-02  5.15903687e-05  1.42329495e-02  
    4.40000000e+00  4.66188942e-05  7.90201249e-02  9.19734546e-05  5.89508780e-02  5.06745997e-05  1.40154393e-02  
    4.42500000e+00  4.58589656e-05  7.86120497e-02  9.13578624e-05  5.82817630e-02  4.98138277e-05  1.37999257e-02  
    4.45000000e+00  4.50474971e-05  7.82051748e-02  9.06410068e-05  5.76150018e-02  4.90481195e-05  1.35864819e-02  
    4.47500000e+00  4.42360585e-05  7.77995746e-02  8.99584092e-05  5.69500246e-02  4.82417355e-05  1.33743486e-02  
    4.50000000e+00  4.34384669e-05  7.73951831e-02  8.92983077e-05  5.62874496e-02  4.73597556e-05  1.31643555e-02  
    4.52500000e+00  4.26843643e-05  7.69920576e-02  8.86728125e-05  5.56277396e-02  4.64473184e-05  1.29564066e-02  
    4.55000000e+00  4.19755727e-05  7.65902319e-02  8.81176870e-05  5.49713479e-02  4.54680354e-05  1.27502968e-02  
    4.57500000e+00  4.12413534e-05  7.61896996e-02  8.75390434e-05  5.43184240e-02  4.44667522e-05  1.25462663e-02  
    4.60000000e+00  4.04321842e-05  7.57904270e-02  8.68500774e-05  5.36676985e-02  4.36883308e-05  1.23440343e-02  
    4.62500000e+00  3.96580350e-05  7.53924066e-02  8.61357378e-05  5.30189645e-02  4.28626675e-05  1.21432980e-02  
    4.65000000e+00  3.88984893e-05  7.49956644e-02  8.55125266e-05  5.23727115e-02  4.19372590e-05  1.19447080e-02  
    4.67500000e+00  3.81892012e-05  7.46002013e-02  8.49313623e-05  5.17293678e-02  4.09734619e-05  1.17479829e-02  
    4.70000000e+00  3.74750033e-05  7.42060813e-02  8.43373211e-05  5.10894863e-02  4.02076476e-05  1.15528453e-02  
    4.72500000e+00  3.67495936e-05  7.38132796e-02  8.37462361e-05  5.04529753e-02  3.94499081e-05  1.13596470e-02  
    4.75000000e+00  3.59478126e-05  7.34217287e-02  8.30019407e-05  4.98185217e-02  3.88609915e-05  1.11681794e-02  
    4.77500000e+00  3.52003869e-05  7.30314386e-02  8.23071627e-05  4.91861961e-02  3.80828654e-05  1.09783507e-02  
    4.80000000e+00  3.44898678e-05  7.26424087e-02  8.16570595e-05  4.85564538e-02  3.71788248e-05  1.07906757e-02  
    4.82500000e+00  3.38230990e-05  7.22546909e-02  8.10695987e-05  4.79298509e-02  3.62570591e-05  1.06047701e-02  
    4.85000000e+00  3.31630727e-05  7.18682990e-02  8.05576811e-05  4.73069821e-02  3.53721660e-05  1.04207321e-02  
    4.87500000e+00  3.24266251e-05  7.14831834e-02  7.99114093e-05  4.66872151e-02  3.47926221e-05  1.02386648e-02  
    4.90000000e+00  3.16550104e-05  7.10993718e-02  7.91614872e-05  4.60694083e-02  3.42744162e-05  1.00580088e-02  
    4.92500000e+00  3.09463402e-05  7.07167750e-02  7.84754880e-05  4.54537951e-02  3.35658156e-05  9.87895892e-03  
    4.95000000e+00  3.03102562e-05  7.03354406e-02  7.78626104e-05  4.48408036e-02  3.26491676e-05  9.70192459e-03  
    4.97500000e+00  2.96569841e-05  6.99553734e-02  7.73091456e-05  4.42311529e-02  3.17838805e-05  9.52682399e-03  
    5.00000000e+00  2.89970220e-05  6.95766286e-02  7.67576705e-05  4.36251966e-02  3.09724912e-05  9.35349643e-03  
    5.02500000e+00  2.82767937e-05  6.91991398e-02  7.60806661e-05  4.30219912e-02  3.04056359e-05  9.18195045e-03  
    5.05000000e+00  2.75391229e-05  6.88229484e-02  7.53516427e-05  4.24208004e-02  2.98328025e-05  9.01178919e-03  
    5.07500000e+00  2.69020433e-05  6.84479388e-02  7.46961678e-05  4.18219911e-02  2.91488532e-05  8.84331679e-03  
    5.10000000e+00  2.62776341e-05  6.80742101e-02  7.41100077e-05  4.12261062e-02  2.82500507e-05  8.67694858e-03  
    5.12500000e+00  2.56626786e-05  6.77017791e-02  7.35984582e-05  4.06336580e-02  2.73277205e-05  8.51221536e-03  
    5.15000000e+00  2.50389608e-05  6.73306277e-02  7.30185162e-05  4.00446520e-02  2.66833106e-05  8.34930122e-03  
    5.17500000e+00  2.43178063e-05  6.69607758e-02  7.23104433e-05  3.94579805e-02  2.63049357e-05  8.18788306e-03  
    5.20000000e+00  2.36509483e-05  6.65921444e-02  7.16546037e-05  3.88734593e-02  2.59407727e-05  8.02795746e-03  
    5.22500000e+00  2.30526569e-05  6.62247053e-02  7.10413294e-05  3.82916070e-02  2.53323270e-05  7.86973578e-03  
    5.25000000e+00  2.24847775e-05  6.58585426e-02  7.05120633e-05  3.77128077e-02  2.44845872e-05  7.71353675e-03  
    5.27500000e+00  2.19290248e-05  6.54936493e-02  6.99938422e-05  3.71375204e-02  2.35020585e-05  7.55887176e-03  
    5.30000000e+00  2.13239479e-05  6.51300373e-02  6.93170265e-05  3.65653080e-02  2.29310049e-05  7.40565669e-03  
    5.32500000e+00  2.07277496e-05  6.47676586e-02  6.86486052e-05  3.59952321e-02  2.25323077e-05  7.25408782e-03  
    5.35000000e+00  2.01680845e-05  6.44064250e-02  6.80350890e-05  3.54274813e-02  2.20580171e-05  7.10407560e-03  
    5.37500000e+00  1.96394522e-05  6.40463631e-02  6.74563186e-05  3.48626866e-02  2.13603081e-05  6.95607073e-03  
    5.40000000e+00  1.91515269e-05  6.36875854e-02  6.69593647e-05  3.43012111e-02  2.05221527e-05  6.80984287e-03  
    5.42500000e+00  1.86286629e-05  6.33300950e-02  6.63476074e-05  3.37427992e-02  1.99400480e-05  6.66468952e-03  
    5.45000000e+00  1.80602181e-05  6.29738584e-02  6.56408353e-05  3.31870282e-02  1.98533453e-05  6.52077455e-03  
    5.47500000e+00  1.75222541e-05  6.26187850e-02  6.49554183e-05  3.26336073e-02  1.96839209e-05  6.37873168e-03  
    5.50000000e+00  1.70293923e-05  6.22647929e-02  6.43588804e-05  3.20826945e-02  1.92630751e-05  6.23860832e-03  
    5.52500000e+00  1.66057864e-05  6.19120021e-02  6.38847172e-05  3.15347911e-02  1.85969532e-05  6.10022871e-03  
    5.55000000e+00  1.61851898e-05  6.15605221e-02  6.33934762e-05  3.09901118e-02  1.78137709e-05  5.96301221e-03  
    5.57500000e+00  1.57597545e-05  6.12102932e-02  6.27981528e-05  3.04484838e-02  1.75622624e-05  5.82710745e-03  
    5.60000000e+00  1.53202199e-05  6.08612889e-02  6.21347639e-05  2.99091752e-02  1.77776819e-05  5.69275085e-03  
    5.62500000e+00  1.49230104e-05  6.05133232e-02  6.14779982e-05  2.93723063e-02  1.75557191e-05  5.56023180e-03  
    5.65000000e+00  1.45686291e-05  6.01664130e-02  6.09774996e-05  2.88381842e-02  1.71050167e-05  5.42968509e-03  
    5.67500000e+00  1.42394463e-05  5.98207878e-02  6.05040887e-05  2.83070206e-02  1.65861074e-05  5.30041445e-03  
    5.70000000e+00  1.39152339e-05  5.94763823e-02  5.99946767e-05  2.77789548e-02  1.62227156e-05  5.17241728e-03  
    5.72500000e+00  1.36038109e-05  5.91332434e-02  5.93535300e-05  2.72537299e-02  1.64585786e-05  5.04542872e-03  
    5.75000000e+00  1.33429866e-05  5.87912021e-02  5.87426702e-05  2.67308270e-02  1.65292798e-05  4.92039926e-03  
    5.77500000e+00  1.30927442e-05  5.84501534e-02  5.81973462e-05  2.62104347e-02  1.64796161e-05  4.79720245e-03  
    5.80000000e+00  1.28556571e-05  5.81102765e-02  5.77438620e-05  2.56927367e-02  1.61520463e-05  4.67523518e-03  
    5.82500000e+00  1.26486019e-05  5.77716183e-02  5.73082494e-05  2.51782370e-02  1.59404850e-05  4.55481420e-03  
    5.85000000e+00  1.24645662e-05  5.74342111e-02  5.67287730e-05  2.46666255e-02  1.60288155e-05  4.43529253e-03  
    5.87500000e+00  1.23643054e-05  5.70979623e-02  5.61449954e-05  2.41576349e-02  1.64069263e-05  4.31741194e-03  
    5.90000000e+00  1.22917954e-05  5.67626808e-02  5.55553627e-05  2.36510007e-02  1.64999051e-05  4.20136389e-03  
    5.92500000e+00  1.22091047e-05  5.64284924e-02  5.50925964e-05  2.31467239e-02  1.64246536e-05  4.08637801e-03  
    5.95000000e+00  1.21278949e-05  5.60954498e-02  5.46832904e-05  2.26455574e-02  1.63547006e-05  3.97304256e-03  
    5.97500000e+00  1.20949985e-05  5.57636446e-02  5.41868688e-05  2.21473479e-02  1.65095467e-05  3.86069475e-03  
    6.00000000e+00  1.21338980e-05  5.54330480e-02  5.35952116e-05  2.16517824e-02  1.70110829e-05  3.74946225e-03  
    6.02500000e+00  1.22227907e-05  5.51034827e-02  5.30166696e-05  2.11587291e-02  1.73154302e-05  3.64004921e-03  
    6.05000000e+00  1.22983617e-05  5.47748271e-02  5.25128645e-05  2.06679856e-02  1.73907515e-05  3.53229768e-03  
    6.07500000e+00  1.23234555e-05  5.44472765e-02  5.20726143e-05  2.01799626e-02  1.75619917e-05  3.42588409e-03  
    6.10000000e+00  1.23751713e-05  5.41209156e-02  5.16683138e-05  1.96948850e-02  1.76778171e-05  3.32056441e-03  
    6.12500000e+00  1.25155791e-05  5.37957614e-02  5.11290915e-05  1.92127325e-02  1.82900495e-05  3.21638019e-03  
    6.15000000e+00  1.27317807e-05  5.34717555e-02  5.05580290e-05  1.87329098e-02  1.89653742e-05  3.11333368e-03  
    6.17500000e+00  1.29549284e-05  5.31486691e-02  5.00158595e-05  1.82554404e-02  1.93674947e-05  3.01201727e-03  
    6.20000000e+00  1.30984148e-05  5.28265363e-02  4.95992871e-05  1.77805912e-02  1.96201656e-05  2.91246961e-03  
    6.22500000e+00  1.32193281e-05  5.25055497e-02  4.91797878e-05  1.73084347e-02  1.99606841e-05  2.81378641e-03  
    6.25000000e+00  1.34248429e-05  5.21857220e-02  4.86500139e-05  1.68392026e-02  2.04641297e-05  2.71620750e-03  
    6.27500000e+00  1.37347272e-05  5.18670920e-02  4.80928437e-05  1.63724732e-02  2.10465783e-05  2.61939374e-03  
    6.30000000e+00  1.40851692e-05  5.15494132e-02  4.75874186e-05  1.59081352e-02  2.14022849e-05  2.52402673e-03  
    6.32500000e+00  1.43612447e-05  5.12325978e-02  4.71465964e-05  1.54462221e-02  2.19007412e-05  2.43046571e-03  
    6.35000000e+00  1.45730010e-05  5.09168399e-02  4.67865663e-05  1.49868385e-02  2.23703791e-05  2.33810722e-03  
    6.37500000e+00  1.47837018e-05  5.06021889e-02  4.62663545e-05  1.45303502e-02  2.31262385e-05  2.24721689e-03  
    6.40000000e+00  1.50983853e-05  5.02887630e-02  4.57112268e-05  1.40764633e-02  2.37805180e-05  2.15677329e-03  
    6.42500000e+00  1.54739238e-05  4.99763109e-02  4.52239564e-05  1.36249114e-02  2.42126444e-05  2.06784510e-03  
    6.45000000e+00  1.57977031e-05  4.96647255e-02  4.47532703e-05  1.31756764e-02  2.47000851e-05  1.98050202e-03  
    6.47500000e+00  1.60517025e-05  4.93541486e-02  4.43899334e-05  1.27290161e-02  2.52336762e-05  1.89419610e-03  
    6.50000000e+00  1.63426431e-05  4.90446597e-02  4.39381668e-05  1.22850972e-02  2.60142049e-05  1.80909162e-03  
    6.52500000e+00  1.66834225e-05  4.87363332e-02  4.34131391e-05  1.18436525e-02  2.66142579e-05  1.72447532e-03  
    6.55000000e+00  1.70825738e-05  4.84290066e-02  4.29231350e-05  1.14046407e-02  2.71570797e-05  1.64128750e-03  
    6.57500000e+00  1.74865722e-05  4.81225200e-02  4.25072623e-05  1.09679638e-02  2.76712760e-05  1.55978851e-03  
    6.60000000e+00  1.78163177e-05  4.78169842e-02  4.21887582e-05  1.05336068e-02  2.82825618e-05  1.47928310e-03  
    6.62500000e+00  1.81098984e-05  4.75124777e-02  4.17940983e-05  1.01019076e-02  2.91980497e-05  1.39974036e-03  
    6.65000000e+00  1.84288422e-05  4.72091685e-02  4.12878235e-05  9.67272817e-03  2.98761665e-05  1.32070307e-03  
    6.67500000e+00  1.88225776e-05  4.69068510e-02  4.08423534e-05  9.24607983e-03  3.02999315e-05  1.24313522e-03  
    6.70000000e+00  1.92531956e-05  4.66053683e-02  4.04392993e-05  8.82175688e-03  3.07243141e-05  1.16717435e-03  
    6.72500000e+00  1.95923357e-05  4.63047494e-02  4.01029120e-05  8.39965421e-03  3.12190796e-05  1.09243354e-03  
    6.75000000e+00  1.99063505e-05  4.60051506e-02  3.97382279e-05  7.98003001e-03  3.20752221e-05  1.01863706e-03  
    6.77500000e+00  2.02421824e-05  4.57066989e-02  3.93014596e-05  7.56285160e-03  3.26857451e-05  9.45275989e-04  
    6.80000000e+00  2.06152885e-05  4.54092410e-02  3.88636440e-05  7.14823697e-03  3.30930170e-05  8.73202079e-04  
    6.82500000e+00  2.10655864e-05  4.51126251e-02  3.84993416e-05  6.73595706e-03  3.35146797e-05  8.02557215e-04  
    6.85000000e+00  2.14504681e-05  4.48168105e-02  3.82334055e-05  6.32594069e-03  3.40255784e-05  7.33499931e-04  
    6.87500000e+00  2.18019955e-05  4.45219390e-02  3.78699692e-05  5.91827879e-03  3.48751588e-05  6.65401499e-04  
    6.90000000e+00  2.21495555e-05  4.42282008e-02  3.74561582e-05  5.51291523e-03  3.55112468e-05  5.97428439e-04  
    6.92500000e+00  2.25187832e-05  4.39354733e-02  3.70127915e-05  5.10998698e-03  3.59739229e-05  5.30533363e-04  
    6.95000000e+00  2.29540264e-05  4.36435930e-02  3.66682585e-05  4.70951706e-03  3.64519772e-05  4.65122627e-04  
    6.97500000e+00  2.33372349e-05  4.33525295e-02  3.64027936e-05  4.31128437e-03  3.69042388e-05  4.01047602e-04  
    7.00000000e+00  2.36737161e-05  4.30623759e-02  3.60637005e-05  3.91534021e-03  3.76854730e-05  3.37941443e-04  
    7.02500000e+00  2.40247565e-05  4.27733124e-02  3.56613694e-05  3.52169108e-03  3.83930613e-05  2.75060937e-04  
    7.05000000e+00  2.43961602e-05  4.24851942e-02  3.53014367e-05  3.13036965e-03  3.87937805e-05  2.13306356e-04  
    7.07500000e+00  2.48054301e-05  4.21979391e-02  3.50252254e-05  2.74133937e-03  3.92127467e-05  1.52834844e-04  
    7.10000000e+00  2.52019883e-05  4.19114844e-02  3.48036325e-05  2.35472949e-03  3.97482478e-05  9.35425479e-05  
    7.12500000e+00  2.55478017e-05  4.16259081e-02  3.44772989e-05  1.97035557e-03  4.06007385e-05  3.52223840e-05  
    7.15000000e+00  2.59200607e-05  4.13413663e-02  3.40552966e-05  1.58800965e-03  4.13392848e-05  2.27997902e-05  
    7.17500000e+00  2.62817803e-05  4.10578054e-02  3.36842529e-05  1.20807694e-03  4.17817624e-05  8.00049202e-05  
    7.20000000e+00  2.66919035e-05  4.07750870e-02  3.34335510e-05  8.30369987e-04  4.21688632e-05  1.36070665e-04  
    7.22500000e+00  2.71016391e-05  4.04931066e-02  3.32894543e-05  4.55039314e-04  4.25616818e-05  1.90498555e-04  
    7.25000000e+00  2.74523437e-05  4.02120005e-02  3.30253948e-05  8.18906746e-05  4.33538052e-05  2.44123332e-04  
    7.27500000e+00  2.77940858e-05  3.99318893e-02  3.26666221e-05  2.89293159e-04  4.40919190e-05  2.97516602e-04  
    7.30000000e+00  2.81383404e-05  3.96527704e-02  3.23804690e-05  6.58218170e-04  4.45450177e-05  3.50388906e-04  
    7.32500000e+00  2.85155816e-05  3.93744682e-02  3.21675587e-05  1.02473309e-03  4.49637547e-05  4.01876768e-04  
    7.35000000e+00  2.89149191e-05  3.90968888e-02  3.20340207e-05  1.38881743e-03  4.52595397e-05  4.51792509e-04  
    7.37500000e+00  2.92563339e-05  3.88201391e-02  3.17398825e-05  1.75097794e-03  4.60735043e-05  5.01071316e-04  
    7.40000000e+00  2.95666562e-05  3.85443473e-02  3.14050508e-05  2.11121406e-03  4.68448173e-05  5.50016526e-04  
    7.42500000e+00  2.98845272e-05  3.82695269e-02  3.11451723e-05  2.46923065e-03  4.72890493e-05  5.98386688e-04  
    7.45000000e+00  3.02439615e-05  3.79954933e-02  3.10243419e-05  2.82504924e-03  4.75705668e-05  6.45771787e-04  
    7.47500000e+00  3.06482951e-05  3.77222087e-02  3.09765404e-05  3.17831755e-03  4.79450753e-05  6.91675672e-04  
    7.50000000e+00  3.09989256e-05  3.74496827e-02  3.07733058e-05  3.52966220e-03  4.87809562e-05  7.36437563e-04  
    7.52500000e+00  3.13039369e-05  3.71780933e-02  3.05108319e-05  3.87931341e-03  4.94959895e-05  7.80980457e-04  
    7.55000000e+00  3.16126208e-05  3.69074270e-02  3.03011729e-05  4.22658417e-03  4.99260279e-05  8.25041299e-04  
    7.57500000e+00  3.19733317e-05  3.66376003e-02  3.02088630e-05  4.57165036e-03  5.02373127e-05  8.68323619e-04  
    7.60000000e+00  3.23732291e-05  3.63684853e-02  3.01913988e-05  4.91433254e-03  5.06342697e-05  9.10337188e-04  
    7.62500000e+00  3.27237392e-05  3.61001537e-02  3.00042739e-05  5.25515021e-03  5.15535248e-05  9.51280502e-04  
    7.65000000e+00  3.30283290e-05  3.58327238e-02  2.97916164e-05  5.59422362e-03  5.21712515e-05  9.91824558e-04  
    7.67500000e+00  3.33419565e-05  3.55661642e-02  2.96219449e-05  5.93109004e-03  5.24976454e-05  1.03184240e-03  
    7.70000000e+00  3.36731522e-05  3.53004118e-02  2.95336580e-05  6.26566447e-03  5.27935723e-05  1.07108532e-03  
    7.72500000e+00  3.40447361e-05  3.50353805e-02  2.95658768e-05  6.59801883e-03  5.31217724e-05  1.10925554e-03  
    7.75000000e+00  3.44051759e-05  3.47711119e-02  2.94216217e-05  6.92851925e-03  5.38464036e-05  1.14660498e-03  
    7.77500000e+00  3.47102209e-05  3.45077110e-02  2.92391906e-05  7.25735243e-03  5.43648024e-05  1.18315380e-03  
    7.80000000e+00  3.50094192e-05  3.42451909e-02  2.90986491e-05  7.58407976e-03  5.47880905e-05  1.21920777e-03  
    7.82500000e+00  3.53397766e-05  3.39834299e-02  2.90919259e-05  7.90850992e-03  5.51759640e-05  1.25473172e-03  
    7.85000000e+00  3.56785365e-05  3.37223914e-02  2.92471546e-05  8.23074120e-03  5.56028313e-05  1.28914008e-03  
    7.87500000e+00  3.60114454e-05  3.34621273e-02  2.92064707e-05  8.55111761e-03  5.63750807e-05  1.32277499e-03  
    7.90000000e+00  3.63239661e-05  3.32026944e-02  2.90842963e-05  8.86976567e-03  5.69521253e-05  1.35584823e-03  
    7.92500000e+00  3.66037609e-05  3.29441458e-02  2.89783922e-05  9.18634118e-03  5.72999389e-05  1.38848652e-03  
    7.95000000e+00  3.69168239e-05  3.26863426e-02  2.89939527e-05  9.50081967e-03  5.75582942e-05  1.42036866e-03  
    7.97500000e+00  3.72796813e-05  3.24292269e-02  2.91601946e-05  9.81307962e-03  5.77869689e-05  1.45115083e-03  
    8.00000000e+00  3.76235938e-05  3.21728727e-02  2.91426553e-05  1.01235566e-02  5.84776977e-05  1.48136487e-03  
    8.02500000e+00  3.78988267e-05  3.19173450e-02  2.90963671e-05  1.04323688e-02  5.89583973e-05  1.51083990e-03  
    8.05000000e+00  3.81802248e-05  3.16626649e-02  2.90830993e-05  1.07391462e-02  5.92092184e-05  1.53979818e-03  
    8.07500000e+00  3.84940044e-05  3.14087221e-02  2.91938545e-05  1.10437806e-02  5.93240835e-05  1.56800656e-03  
    8.10000000e+00  3.88476435e-05  3.11555060e-02  2.94327267e-05  1.13464052e-02  5.94938304e-05  1.59541278e-03  
    8.12500000e+00  3.91789331e-05  3.09030591e-02  2.94654350e-05  1.16473827e-02  6.01581986e-05  1.62237957e-03  
    8.15000000e+00  3.94260809e-05  3.06514546e-02  2.93495060e-05  1.19466106e-02  6.09238239e-05  1.64865294e-03  
    8.17500000e+00  3.96917735e-05  3.04006947e-02  2.92687177e-05  1.22438535e-02  6.13853375e-05  1.67453497e-03  
    8.20000000e+00  3.99928054e-05  3.01506881e-02  2.93720157e-05  1.25390318e-02  6.16357389e-05  1.69990846e-03  
    8.22500000e+00  4.03534364e-05  2.99013765e-02  2.95776769e-05  1.28323249e-02  6.18537202e-05  1.72444957e-03  
    8.25000000e+00  4.06552769e-05  2.96528273e-02  2.97554628e-05  1.31240509e-02  6.22950370e-05  1.74810961e-03  
    8.27500000e+00  4.09156347e-05  2.94050973e-02  2.98019540e-05  1.34140994e-02  6.28094368e-05  1.77138470e-03  
    8.30000000e+00  4.11381599e-05  2.91582190e-02  2.98491956e-05  1.37021350e-02  6.31410478e-05  1.79429314e-03  
    8.32500000e+00  4.14279584e-05  2.89120718e-02  2.99248342e-05  1.39881156e-02  6.33749772e-05  1.81646402e-03  
    8.35000000e+00  4.17661181e-05  2.86666793e-02  3.01245051e-05  1.42723198e-02  6.35651960e-05  1.83814139e-03  
    8.37500000e+00  4.20692210e-05  2.84220529e-02  3.03057727e-05  1.45548822e-02  6.39739912e-05  1.85916018e-03  
    8.40000000e+00  4.23297927e-05  2.81782283e-02  3.03776083e-05  1.48356867e-02  6.44322569e-05  1.87940801e-03  
    8.42500000e+00  4.25883725e-05  2.79352268e-02  3.04463201e-05  1.51147387e-02  6.46385063e-05  1.89937471e-03  
    8.45000000e+00  4.28535625e-05  2.76929951e-02  3.05449220e-05  1.53918655e-02  6.48115122e-05  1.91902895e-03  
    8.47500000e+00  4.31821449e-05  2.74515110e-02  3.07024320e-05  1.56671804e-02  6.50666886e-05  1.93796123e-03  
    8.50000000e+00  4.34625040e-05  2.72107871e-02  3.08503904e-05  1.59408403e-02  6.54348839e-05  1.95614922e-03  
    8.52500000e+00  4.37425583e-05  2.69708507e-02  3.09410139e-05  1.62128610e-02  6.58521438e-05  1.97350302e-03  
    8.55000000e+00  4.40159515e-05  2.67317967e-02  3.09964886e-05  1.64830261e-02  6.63085317e-05  1.99065431e-03  
    8.57500000e+00  4.42883441e-05  2.64935084e-02  3.11219935e-05  1.67513967e-02  6.65264483e-05  2.00750195e-03  
    8.60000000e+00  4.46292002e-05  2.62559817e-02  3.13344895e-05  1.70180532e-02  6.68416372e-05  2.02357622e-03  
    8.62500000e+00  4.49115882e-05  2.60192618e-02  3.15695014e-05  1.72829919e-02  6.71717818e-05  2.03894811e-03  
    8.65000000e+00  4.51788682e-05  2.57832923e-02  3.16436053e-05  1.75462218e-02  6.77723912e-05  2.05344721e-03  
    8.67500000e+00  4.54499208e-05  2.55481920e-02  3.17393807e-05  1.78078360e-02  6.81574086e-05  2.06777711e-03  
    8.70000000e+00  4.57166913e-05  2.53139637e-02  3.18998997e-05  1.80678298e-02  6.82636490e-05  2.08208465e-03  
    8.72500000e+00  4.60069608e-05  2.50805292e-02  3.20605415e-05  1.83260505e-02  6.85422539e-05  2.09579552e-03  
    8.75000000e+00  4.62413023e-05  2.48478609e-02  3.22448655e-05  1.85826613e-02  6.87940340e-05  2.10878127e-03  
    8.77500000e+00  4.65195771e-05  2.46160131e-02  3.23590443e-05  1.88374608e-02  6.93234495e-05  2.12096303e-03  
    8.80000000e+00  4.67920737e-05  2.43850690e-02  3.24810093e-05  1.90906911e-02  6.96279168e-05  2.13306800e-03  
    8.82500000e+00  4.70485873e-05  2.41550413e-02  3.26010756e-05  1.93425453e-02  6.97520892e-05  2.14536499e-03  
    8.85000000e+00  4.73393247e-05  2.39257742e-02  3.27497818e-05  1.95925871e-02  6.99567354e-05  2.15667119e-03  
    8.87500000e+00  4.75735773e-05  2.36974435e-02  3.29673575e-05  1.98410273e-02  7.01662670e-05  2.16779926e-03  
    8.90000000e+00  4.78114456e-05  2.34699328e-02  3.31008469e-05  2.00879595e-02  7.06054106e-05  2.17832260e-03  
    8.92500000e+00  4.80772671e-05  2.32432520e-02  3.32293425e-05  2.03333211e-02  7.08817944e-05  2.18836647e-03  
    8.95000000e+00  4.83611428e-05  2.30175400e-02  3.33342484e-05  2.05772118e-02  7.11683304e-05  2.19841803e-03  
    8.97500000e+00  4.86394016e-05  2.27927178e-02  3.34321631e-05  2.08196032e-02  7.13130119e-05  2.20823692e-03  
    9.00000000e+00  4.88806076e-05  2.25687480e-02  3.36394331e-05  2.10601987e-02  7.13929159e-05  2.21736493e-03  
    9.02500000e+00  4.91408030e-05  2.23456139e-02  3.38675035e-05  2.12990696e-02  7.15867273e-05  2.22573918e-03  
    9.05000000e+00  4.94193181e-05  2.21234005e-02  3.39644462e-05  2.15367299e-02  7.19796988e-05  2.23376995e-03  
    9.07500000e+00  4.97158866e-05  2.19021470e-02  3.40238814e-05  2.17729071e-02  7.24694727e-05  2.24153310e-03  
    9.10000000e+00  4.99873359e-05  2.16818259e-02  3.41322589e-05  2.20075122e-02  7.26408302e-05  2.24925051e-03  
    9.12500000e+00  5.02495624e-05  2.14624083e-02  3.43186493e-05  2.22403915e-02  7.26450920e-05  2.25633798e-03  
    9.15000000e+00  5.05080194e-05  2.12438163e-02  3.45621199e-05  2.24714859e-02  7.27443177e-05  2.26257732e-03  
    9.17500000e+00  5.08062266e-05  2.10261925e-02  3.47059944e-05  2.27015614e-02  7.30633368e-05  2.26876419e-03  
    9.20000000e+00  5.10931351e-05  2.08095918e-02  3.47543629e-05  2.29304030e-02  7.33540951e-05  2.27488128e-03  
    9.22500000e+00  5.13385094e-05  2.05939573e-02  3.48758014e-05  2.31573704e-02  7.37360307e-05  2.28041055e-03  
    9.25000000e+00  5.16013978e-05  2.03791716e-02  3.50467019e-05  2.33828832e-02  7.39799222e-05  2.28547842e-03  
    9.27500000e+00  5.19001904e-05  2.01653306e-02  3.52504394e-05  2.36069433e-02  7.42079248e-05  2.29025232e-03  
    9.30000000e+00  5.22229456e-05  1.99524586e-02  3.53419587e-05  2.38293855e-02  7.47525426e-05  2.29453254e-03  
    9.32500000e+00  5.25135899e-05  1.97406019e-02  3.53635461e-05  2.40507377e-02  7.51892108e-05  2.29873402e-03  
    9.35000000e+00  5.27572947e-05  1.95296431e-02  3.54394507e-05  2.42705666e-02  7.56591233e-05  2.30247036e-03  
    9.37500000e+00  5.30401633e-05  1.93196496e-02  3.56443875e-05  2.44887838e-02  7.59373175e-05  2.30601456e-03  
    9.40000000e+00  5.33419182e-05  1.91105768e-02  3.58207991e-05  2.47056184e-02  7.60378414e-05  2.30925009e-03  
    9.42500000e+00  5.36377346e-05  1.89024251e-02  3.59009936e-05  2.49210342e-02  7.64601913e-05  2.31176477e-03  
    9.45000000e+00  5.38726540e-05  1.86952918e-02  3.59940558e-05  2.51351608e-02  7.65382007e-05  2.31416582e-03  
    9.47500000e+00  5.40957257e-05  1.84891802e-02  3.61042324e-05  2.53478706e-02  7.68086022e-05  2.31659488e-03  
    9.50000000e+00  5.43587613e-05  1.82838169e-02  3.62647401e-05  2.55589459e-02  7.72903704e-05  2.31804956e-03  
    9.52500000e+00  5.46691439e-05  1.80795067e-02  3.64641970e-05  2.57688997e-02  7.74577559e-05  2.31976292e-03  
    9.55000000e+00  5.50014675e-05  1.78760878e-02  3.65892914e-05  2.59773073e-02  7.76052888e-05  2.32084141e-03  
    9.57500000e+00  5.52365354e-05  1.76735348e-02  3.66516885e-05  2.61843459e-02  7.79087507e-05  2.32118858e-03  
    9.60000000e+00  5.55007360e-05  1.74720296e-02  3.67348149e-05  2.63901931e-02  7.87071648e-05  2.32161158e-03  
    9.62500000e+00  5.56994409e-05  1.72713992e-02  3.69492891e-05  2.65944945e-02  7.86240920e-05  2.32171612e-03  
    9.65000000e+00  5.59524970e-05  1.70715354e-02  3.71746568e-05  2.67975127e-02  7.87457871e-05  2.32093844e-03  
    9.67500000e+00  5.63112302e-05  1.68726584e-02  3.72221694e-05  2.69991799e-02  7.93934855e-05  2.32024036e-03  
    9.70000000e+00  5.64996740e-05  1.66749195e-02  3.73340893e-05  2.71996082e-02  7.94429066e-05  2.32005021e-03  
    9.72500000e+00  5.66731392e-05  1.64778908e-02  3.75093376e-05  2.73986203e-02  7.97014550e-05  2.31878403e-03  
    9.75000000e+00  5.69903824e-05  1.62816259e-02  3.77000614e-05  2.75962417e-02  8.06735177e-05  2.31657862e-03  
    9.77500000e+00  5.72185599e-05  1.60864203e-02  3.79829880e-05  2.77926616e-02  8.04327419e-05  2.31492626e-03  
    9.80000000e+00  5.75386644e-05  1.58919132e-02  3.80182275e-05  2.79874598e-02  8.12094466e-05  2.31227815e-03  
    9.82500000e+00  5.77820993e-05  1.56982569e-02  3.79733712e-05  2.81808924e-02  8.21172202e-05  2.30926646e-03  
    9.85000000e+00  5.78886492e-05  1.55056978e-02  3.83139731e-05  2.83731135e-02  8.15701754e-05  2.30654041e-03  
    9.87500000e+00  5.82392623e-05  1.53134175e-02  3.84477363e-05  2.85636608e-02  8.27058245e-05  2.30142324e-03  
    9.90000000e+00  5.84808632e-05  1.51221667e-02  3.87095511e-05  2.87528822e-02  8.27357877e-05  2.29695200e-03  
    9.92500000e+00  5.86791952e-05  1.49323866e-02  3.89971707e-05  2.89417293e-02  8.22077747e-05  2.29434507e-03  
    9.95000000e+00  5.89109826e-05  1.47428380e-02  3.90449021e-05  2.91284167e-02  8.31361118e-05  2.28912621e-03  
    9.97500000e+00  5.90244556e-05  1.45544434e-02  3.92166814e-05  2.93145894e-02  8.27518797e-05  2.28486794e-03  
    1.00000000e+01  5.92077592e-05  1.43676592e-02  3.94996543e-05  2.95008947e-02  8.22880041e-05  2.28324260e-03  
    1.00250000e+01  5.95115859e-05  1.41806527e-02  3.96577185e-05  2.96841784e-02  8.31077079e-05  2.27793076e-03  
    1.00500000e+01  5.96902485e-05  1.39946578e-02  3.96854864e-05  2.98666590e-02  8.30617083e-05  2.27315995e-03  
    1.00750000e+01  5.98092111e-05  1.38100348e-02  3.98585968e-05  3.00487925e-02  8.30016376e-05  2.27018212e-03  
    1.01000000e+01  6.00789442e-05  1.36249035e-02  3.99638026e-05  3.02273310e-02  8.37444661e-05  2.26210601e-03  
    1.01250000e+01  6.03188438e-05  1.34405908e-02  4.03220542e-05  3.04048537e-02  8.36590922e-05  2.25418289e-03  
    1.01500000e+01  6.04759078e-05  1.32582799e-02  4.06512499e-05  3.05832728e-02  8.30691752e-05  2.25074347e-03  
    1.01750000e+01  6.06798049e-05  1.30752616e-02  4.09082528e-05  3.07576862e-02  8.31697832e-05  2.24191084e-03  
    1.02000000e+01  6.09029371e-05  1.28927954e-02  4.11882859e-05  3.09304513e-02  8.34785901e-05  2.23177479e-03  
    1.02250000e+01  6.10221957e-05  1.27125995e-02  4.15556217e-05  3.11048939e-02  8.20871663e-05  2.22708742e-03  
    1.02500000e+01  6.13047939e-05  1.25320336e-02  4.15902279e-05  3.12770697e-02  8.28639407e-05  2.21894801e-03  
    1.02750000e+01  6.16173200e-05  1.23520370e-02  4.19286151e-05  3.14470050e-02  8.40618061e-05  2.20913015e-03  
    1.03000000e+01  6.17448905e-05  1.21741192e-02  4.22006268e-05  3.16179217e-02  8.25507108e-05  2.20454574e-03  
    1.03250000e+01  6.19753786e-05  1.19954969e-02  4.18064344e-05  3.17859591e-02  8.30052051e-05  2.19502793e-03  
    1.03500000e+01  6.23820151e-05  1.18189283e-02  4.23548219e-05  3.19554853e-02  8.54822427e-05  2.18912101e-03  
    1.03750000e+01  6.26784299e-05  1.16425996e-02  4.26152972e-05  3.21226679e-02  8.53483188e-05  2.18280433e-03  
    1.04000000e+01  6.26410689e-05  1.14656937e-02  4.21464695e-05  3.22861343e-02  8.37113916e-05  2.17179164e-03  
    1.04250000e+01  6.30193944e-05  1.12915843e-02  4.27904786e-05  3.24533605e-02  8.64796191e-05  2.16680657e-03  
    1.04500000e+01  6.31893856e-05  1.11178130e-02  4.33469865e-05  3.26182472e-02  8.72837695e-05  2.16221952e-03  
    1.04750000e+01  6.31068726e-05  1.09422679e-02  4.26234670e-05  3.27771317e-02  8.47903603e-05  2.14835947e-03  
    1.05000000e+01  6.33849444e-05  1.07698453e-02  4.35493086e-05  3.29406219e-02  8.67071940e-05  2.14160693e-03  
    1.05250000e+01  6.35771593e-05  1.05975341e-02  4.44882304e-05  3.31007717e-02  8.75739341e-05  2.13520858e-03  
    1.05500000e+01  6.37061352e-05  1.04234034e-02  4.33581672e-05  3.32546389e-02  8.58492555e-05  2.11928172e-03  
    1.05750000e+01  6.35804130e-05  1.02524925e-02  4.38611542e-05  3.34146373e-02  8.52508794e-05  2.11004683e-03  
    1.06000000e+01  6.37806090e-05  1.00813871e-02  4.45978425e-05  3.35702928e-02  8.61023560e-05  2.10077041e-03  
    1.06250000e+01  6.40035979e-05  9.90922752e-03  4.35585288e-05  3.37205342e-02  8.36016242e-05  2.08550263e-03  
    1.06500000e+01  6.38636613e-05  9.74040843e-03  4.44266450e-05  3.38768518e-02  8.31562034e-05  2.07561818e-03  
    1.06750000e+01  6.39574089e-05  9.57058248e-03  4.53055230e-05  3.40266250e-02  8.33769614e-05  2.06397966e-03  
    1.07000000e+01  6.42553345e-05  9.39923178e-03  4.44596375e-05  3.41734901e-02  8.08458482e-05  2.04527062e-03  
    1.07250000e+01  6.44094643e-05  9.23362570e-03  4.52888918e-05  3.43259239e-02  8.17662901e-05  2.03895866e-03  
    1.07500000e+01  6.46958937e-05  9.06540178e-03  4.57586053e-05  3.44718791e-02  8.32551056e-05  2.02534035e-03  
    1.07750000e+01  6.56272074e-05  8.89548842e-03  4.47758692e-05  3.46159128e-02  8.38411065e-05  2.00525090e-03  
    1.08000000e+01  6.57959709e-05  8.73205635e-03  4.51678045e-05  3.47657334e-02  8.36782379e-05  1.99899109e-03  
    1.08250000e+01  6.58027417e-05  8.56612099e-03  4.57781697e-05  3.49102945e-02  8.45313747e-05  1.98660381e-03  
    1.08500000e+01  6.66044307e-05  8.39713543e-03  4.57323866e-05  3.50525992e-02  8.41890309e-05  1.96293141e-03  
    1.08750000e+01  6.74032199e-05  8.23409947e-03  4.75771189e-05  3.51972067e-02  8.66407866e-05  1.95303012e-03  
    1.09000000e+01  6.68019701e-05  8.07039570e-03  4.72691646e-05  3.53343965e-02  8.56969840e-05  1.94100695e-03  
    1.09250000e+01  6.73076746e-05  7.90356941e-03  4.71051784e-05  3.54734149e-02  8.42342268e-05  1.91721602e-03  
    1.09500000e+01  6.83725983e-05  7.74184782e-03  4.87085325e-05  3.56149478e-02  9.01043884e-05  1.90588537e-03  
    1.09750000e+01  6.79548683e-05  7.58088987e-03  4.87333441e-05  3.57465463e-02  8.97806958e-05  1.89593833e-03  
    1.10000000e+01  6.80821502e-05  7.41516725e-03  4.75922462e-05  3.58816190e-02  8.74592010e-05  1.87177350e-03  
    1.10250000e+01  6.87415210e-05  7.25402421e-03  4.92406628e-05  3.60210322e-02  9.09675854e-05  1.85367047e-03  
    1.10500000e+01  6.84686732e-05  7.09613271e-03  4.85931807e-05  3.61494448e-02  9.06568220e-05  1.84790801e-03  
    1.10750000e+01  6.84122474e-05  6.93223729e-03  4.69051323e-05  3.62841019e-02  8.72491258e-05  1.82536173e-03  
    1.11000000e+01  6.89673187e-05  6.77197399e-03  4.83780901e-05  3.64239744e-02  9.10237102e-05  1.80065232e-03  
    1.11250000e+01  6.91317052e-05  6.61446344e-03  4.87420233e-05  3.65505757e-02  8.98607664e-05  1.78877999e-03  
    1.11500000e+01  6.92819046e-05  6.45202817e-03  4.74737574e-05  3.66784244e-02  8.72839632e-05  1.76969665e-03  
    1.11750000e+01  6.97789694e-05  6.29318326e-03  4.88882968e-05  3.68135004e-02  9.07652697e-05  1.74264859e-03  
    1.12000000e+01  7.01318170e-05  6.13826178e-03  5.07157018e-05  3.69333854e-02  9.02505764e-05  1.73058883e-03  
    1.12250000e+01  6.99518917e-05  5.97597824e-03  4.88158688e-05  3.70549803e-02  8.91884901e-05  1.70837726e-03  
    1.12500000e+01  7.06394831e-05  5.81921136e-03  5.01730719e-05  3.71863445e-02  9.50456319e-05  1.68286202e-03  
    1.12750000e+01  7.07357883e-05  5.66763770e-03  5.10798891e-05  3.73067955e-02  9.66503813e-05  1.67127964e-03  
    1.13000000e+01  7.09986864e-05  5.50744971e-03  4.99540139e-05  3.74241239e-02  9.37775468e-05  1.64825714e-03  
    1.13250000e+01  7.16274023e-05  5.35154231e-03  5.18623600e-05  3.75492911e-02  1.01146998e-04  1.62397051e-03  
    1.13500000e+01  7.15357677e-05  5.20192414e-03  5.38317352e-05  3.76721476e-02  9.89177089e-05  1.61194084e-03  
    1.13750000e+01  7.19776305e-05  5.04411156e-03  5.25155366e-05  3.77892649e-02  1.00382862e-04  1.58561917e-03  
    1.14000000e+01  7.23823724e-05  4.88820740e-03  5.28053365e-05  3.79072776e-02  1.05723386e-04  1.56352843e-03  
    1.14250000e+01  7.21105355e-05  4.74004693e-03  5.49749130e-05  3.80252886e-02  9.87738563e-05  1.55210611e-03  
    1.14500000e+01  7.21450862e-05  4.58639711e-03  5.23007241e-05  3.81436627e-02  1.01159046e-04  1.53145680e-03  
    1.14750000e+01  7.28723902e-05  4.43137907e-03  5.63210628e-05  3.82567970e-02  1.05461776e-04  1.50562045e-03  
    1.15000000e+01  7.24916825e-05  4.28101967e-03  5.54329146e-05  3.83671412e-02  1.01668253e-04  1.48510814e-03  
    1.15250000e+01  7.28221511e-05  4.13011882e-03  5.46681341e-05  3.84807156e-02  1.04310196e-04  1.46738655e-03  
    1.15500000e+01  7.35967771e-05  3.97612959e-03  5.71380982e-05  3.85888725e-02  1.07167809e-04  1.43969915e-03  
    1.15750000e+01  7.25124287e-05  3.82560703e-03  5.44987136e-05  3.86945714e-02  1.04972068e-04  1.41467388e-03  
    1.16000000e+01  7.34571377e-05  3.67733727e-03  5.57988369e-05  3.88014347e-02  1.07322053e-04  1.39975720e-03  
    1.16250000e+01  7.42767903e-05  3.52659251e-03  5.66869556e-05  3.89024773e-02  1.11013056e-04  1.37672970e-03  
    1.16500000e+01  7.29523893e-05  3.37646649e-03  5.57159680e-05  3.90040852e-02  1.10825780e-04  1.34953927e-03  
    1.16750000e+01  7.33899381e-05  3.22700603e-03  5.42052837e-05  3.91117855e-02  1.10262258e-04  1.32385746e-03  
    1.17000000e+01  7.44783777e-05  3.07722772e-03  5.52388578e-05  3.92083037e-02  1.16467054e-04  1.29939478e-03  
    1.17250000e+01  7.21024019e-05  2.93030487e-03  5.16535310e-05  3.93109584e-02  1.16516537e-04  1.27748515e-03  
    1.17500000e+01  7.33043813e-05  2.78360282e-03  5.44261236e-05  3.94086071e-02  1.16875550e-04  1.25080067e-03  
    1.17750000e+01  7.54287943e-05  2.63824792e-03  5.70311971e-05  3.95008397e-02  1.24160143e-04  1.23317360e-03  
    1.18000000e+01  7.38186725e-05  2.49053286e-03  5.55943402e-05  3.95984635e-02  1.21484293e-04  1.20701530e-03  
    1.18250000e+01  7.51779397e-05  2.34344276e-03  5.54595175e-05  3.96948029e-02  1.29694543e-04  1.17147479e-03  
    1.18500000e+01  7.48517134e-05  2.20158636e-03  5.49734359e-05  3.97857561e-02  1.29429449e-04  1.15876019e-03  
    1.18750000e+01  7.42274374e-05  2.05205286e-03  5.40599722e-05  3.98745808e-02  1.24634598e-04  1.12565078e-03  
    1.19000000e+01  7.52393098e-05  1.90260494e-03  5.52743320e-05  3.99672296e-02  1.30156216e-04  1.08505515e-03  
    1.19250000e+01  7.46225054e-05  1.76881444e-03  5.25420814e-05  4.00581045e-02  1.33140714e-04  1.08191185e-03  
    1.19500000e+01  7.39169344e-05  1.62358676e-03  5.23337349e-05  4.01513774e-02  1.30566281e-04  1.06895132e-03  
    1.19750000e+01  7.55921039e-05  1.47202355e-03  5.27776535e-05  4.02390062e-02  1.34316917e-04  1.03058499e-03  
    1.20000000e+01  7.48658821e-05  1.33520936e-03  5.15747923e-05  4.03248089e-02  1.37088629e-04  1.00845503e-03  
    1.20250000e+01  7.34593247e-05  1.19628505e-03  5.23102258e-05  4.04211985e-02  1.27510595e-04  1.00534468e-03  
    1.20500000e+01  7.61783996e-05  1.04733819e-03  5.28276649e-05  4.05023797e-02  1.37517214e-04  9.76196477e-04  
    1.20750000e+01  7.52397356e-05  9.08738573e-04  4.91829675e-05  4.05847442e-02  1.36582003e-04  9.52246010e-04  
    1.21000000e+01  7.48550224e-05  7.71189862e-04  5.18940327e-05  4.06795269e-02  1.33722057e-04  9.42880644e-04  
