# tau(fm)  epsilon_p(ideal) epsilon_p(shear) epsilon_p(full)  ecc_2  ecc_3  R_Pi  gamma  T[GeV]
    6.00000000e-01  0.00000000e+00  0.00000000e+00  0.00000000e+00  1.35272124e-01  1.50596105e-04  0.00000000e+00  1.00000000e+00  5.69966358e-01
    6.25000000e-01  1.49908646e-06  1.46088060e-06  1.46221210e-06  1.35151121e-01  1.50686783e-04  -9.51129378e-03  1.00000538e+00  5.60992908e-01
    6.50000000e-01  6.16793488e-06  8.93324355e-08  9.45273622e-08  1.35022980e-01  1.50713989e-04  -1.62569591e-02  1.00002222e+00  5.52513971e-01
    6.75000000e-01  1.42065625e-05  4.12637580e-06  4.15746592e-06  1.34887891e-01  1.50727507e-04  -2.13452530e-02  1.00005121e+00  5.44745972e-01
    7.00000000e-01  2.57891974e-05  1.01322602e-05  1.02163692e-05  1.34747119e-01  1.50738426e-04  -2.53535104e-02  1.00009296e+00  5.37388567e-01
    7.25000000e-01  4.10818208e-05  1.77102582e-05  1.78801014e-05  1.34601076e-01  1.50756115e-04  -2.86465424e-02  1.00014789e+00  5.30452145e-01
    7.50000000e-01  6.02219907e-05  2.64685471e-05  2.67604987e-05  1.34450208e-01  1.50786994e-04  -3.14070616e-02  1.00021629e+00  5.23848693e-01
    7.75000000e-01  8.33466408e-05  3.60687726e-05  3.65216308e-05  1.34294718e-01  1.50836463e-04  -3.38087439e-02  1.00029834e+00  5.17578897e-01
    8.00000000e-01  1.10566257e-04  4.59520063e-05  4.66039244e-05  1.34134631e-01  1.50907171e-04  -3.59180687e-02  1.00039420e+00  5.11586279e-01
    8.25000000e-01  1.41994008e-04  5.57118704e-05  5.65999104e-05  1.33969916e-01  1.50989595e-04  -3.78278363e-02  1.00050398e+00  5.05866309e-01
    8.50000000e-01  1.77721037e-04  6.48219457e-05  6.59796374e-05  1.33800463e-01  1.51071658e-04  -3.95764843e-02  1.00062781e+00  5.00381044e-01
    8.75000000e-01  2.17839700e-04  7.30285166e-05  7.44872474e-05  1.33626284e-01  1.51159707e-04  -4.12152449e-02  1.00076566e+00  4.95121982e-01
    9.00000000e-01  2.62428221e-04  8.05416778e-05  8.23351112e-05  1.33447328e-01  1.51248915e-04  -4.27641456e-02  1.00091755e+00  4.90064914e-01
    9.25000000e-01  3.11560715e-04  8.70041709e-05  8.91623398e-05  1.33263511e-01  1.51338906e-04  -4.42409230e-02  1.00108346e+00  4.85197196e-01
    9.50000000e-01  3.65307226e-04  9.23462426e-05  9.48983729e-05  1.33074783e-01  1.51420279e-04  -4.56594353e-02  1.00126335e+00  4.80506066e-01
    9.75000000e-01  4.23725647e-04  9.64548490e-05  9.94284911e-05  1.32881080e-01  1.51489773e-04  -4.70219641e-02  1.00145716e+00  4.75974487e-01
    1.00000000e+00  4.86882561e-04  9.95612944e-05  1.02986906e-04  1.32682306e-01  1.51547768e-04  -4.83475590e-02  1.00166483e+00  4.71599527e-01
    1.02500000e+00  5.54819941e-04  1.01524954e-04  1.05430956e-04  1.32478422e-01  1.51592873e-04  -4.96258227e-02  1.00188626e+00  4.67359364e-01
    1.05000000e+00  6.27603406e-04  1.02231942e-04  1.06645003e-04  1.32269353e-01  1.51627655e-04  -5.08812756e-02  1.00212137e+00  4.63260017e-01
    1.07500000e+00  7.05259257e-04  1.01549216e-04  1.06493486e-04  1.32055076e-01  1.51647452e-04  -5.20965819e-02  1.00237005e+00  4.59276080e-01
    1.10000000e+00  7.87849616e-04  9.93738241e-05  1.04871662e-04  1.31835553e-01  1.51648895e-04  -5.32930167e-02  1.00263217e+00  4.55417696e-01
    1.12500000e+00  8.75395651e-04  9.55840247e-05  1.01655014e-04  1.31610744e-01  1.51634607e-04  -5.44587775e-02  1.00290764e+00  4.51662485e-01
    1.15000000e+00  9.67945740e-04  9.00841845e-05  9.67455679e-05  1.31380612e-01  1.51610034e-04  -5.56064329e-02  1.00319631e+00  4.48014899e-01
    1.17500000e+00  1.06552637e-03  8.27687282e-05  9.00347733e-05  1.31145141e-01  1.51576498e-04  -5.67353210e-02  1.00349809e+00  4.44463028e-01
    1.20000000e+00  1.16816739e-03  7.35394235e-05  8.14213216e-05  1.30904318e-01  1.51528887e-04  -5.78464527e-02  1.00381283e+00  4.41003191e-01
    1.22500000e+00  1.27590085e-03  6.23028090e-05  7.08086597e-05  1.30658133e-01  1.51467501e-04  -5.89466946e-02  1.00414042e+00  4.37633295e-01
    1.25000000e+00  1.38873682e-03  4.89573724e-05  5.80919000e-05  1.30406622e-01  1.51394210e-04  -6.00289087e-02  1.00448074e+00  4.34341874e-01
    1.27500000e+00  1.50671564e-03  3.34194934e-05  4.31843458e-05  1.30149803e-01  1.51308646e-04  -6.11081302e-02  1.00483363e+00  4.31135817e-01
    1.30000000e+00  1.62983439e-03  1.55909330e-05  2.59837390e-05  1.29887705e-01  1.51213284e-04  -6.21742857e-02  1.00519899e+00  4.27998845e-01
    1.32500000e+00  1.75812792e-03  4.60332256e-06  6.41164271e-06  1.29620350e-01  1.51105176e-04  -6.32379110e-02  1.00557666e+00  4.24938532e-01
    1.35000000e+00  1.89159716e-03  2.72558273e-05  1.56289299e-05  1.29347795e-01  1.50983195e-04  -6.42973802e-02  1.00596652e+00  4.21943434e-01
    1.37500000e+00  2.03025544e-03  5.24464210e-05  4.02219898e-05  1.29070076e-01  1.50851377e-04  -6.53527510e-02  1.00636842e+00  4.19013838e-01
    1.40000000e+00  2.17411634e-03  8.02570934e-05  6.74538776e-05  1.28787208e-01  1.50705070e-04  -6.64106338e-02  1.00678222e+00  4.16148087e-01
    1.42500000e+00  2.32317050e-03  1.10777201e-04  9.74189535e-05  1.28499233e-01  1.50555080e-04  -6.74635878e-02  1.00720777e+00  4.13337961e-01
    1.45000000e+00  2.47744140e-03  1.44074250e-04  1.30189231e-04  1.28206204e-01  1.50399018e-04  -6.85207144e-02  1.00764492e+00  4.10590511e-01
    1.47500000e+00  2.63690891e-03  1.80232681e-04  1.65854512e-04  1.27908178e-01  1.50236047e-04  -6.95764828e-02  1.00809353e+00  4.07893272e-01
    1.50000000e+00  2.80158602e-03  2.19314682e-04  2.04481715e-04  1.27605216e-01  1.50061157e-04  -7.06359222e-02  1.00855344e+00  4.05251345e-01
    1.52500000e+00  2.97146563e-03  2.61396607e-04  2.46153091e-04  1.27297377e-01  1.49886082e-04  -7.17003472e-02  1.00902452e+00  4.02659085e-01
    1.55000000e+00  3.14653260e-03  3.06547116e-04  2.90942872e-04  1.26984723e-01  1.49704994e-04  -7.27642956e-02  1.00950662e+00  4.00113519e-01
    1.57500000e+00  3.32679292e-03  3.54831628e-04  3.38922169e-04  1.26667297e-01  1.49517134e-04  -7.38368880e-02  1.00999959e+00  3.97618221e-01
    1.60000000e+00  3.51221561e-03  4.06331921e-04  3.90179593e-04  1.26345163e-01  1.49318961e-04  -7.49122797e-02  1.01050328e+00  3.95164010e-01
    1.62500000e+00  3.70280037e-03  4.61099933e-04  4.44772883e-04  1.26018388e-01  1.49111927e-04  -7.59932214e-02  1.01101756e+00  3.92756499e-01
    1.65000000e+00  3.89852441e-03  5.19197088e-04  5.02769790e-04  1.25687051e-01  1.48893878e-04  -7.70822309e-02  1.01154227e+00  3.90389403e-01
    1.67500000e+00  4.09936529e-03  5.80685161e-04  5.64239084e-04  1.25351240e-01  1.48662666e-04  -7.81755572e-02  1.01207725e+00  3.88061448e-01
    1.70000000e+00  4.30531458e-03  6.45610730e-04  6.29233831e-04  1.25011052e-01  1.48405704e-04  -7.92776032e-02  1.01262235e+00  3.85775341e-01
    1.72500000e+00  4.51633253e-03  7.14044259e-04  6.97832049e-04  1.24666604e-01  1.48128267e-04  -8.03843916e-02  1.01317743e+00  3.83523715e-01
    1.75000000e+00  4.73240720e-03  7.86034341e-04  7.70089166e-04  1.24317988e-01  1.47825330e-04  -8.14963476e-02  1.01374232e+00  3.81311191e-01
    1.77500000e+00  4.95350614e-03  8.61634930e-04  8.46067141e-04  1.23965276e-01  1.47497378e-04  -8.26168332e-02  1.01431686e+00  3.79133176e-01
    1.80000000e+00  5.17959302e-03  9.40913751e-04  9.25843105e-04  1.23608553e-01  1.47148480e-04  -8.37413328e-02  1.01490091e+00  3.76987723e-01
    1.82500000e+00  5.41064735e-03  1.02391325e-03  1.00946815e-03  1.23247889e-01  1.46778216e-04  -8.48738280e-02  1.01549431e+00  3.74878307e-01
    1.85000000e+00  5.64662027e-03  1.11068969e-03  1.09700767e-03  1.22883354e-01  1.46391260e-04  -8.60131205e-02  1.01609692e+00  3.72798517e-01
    1.87500000e+00  5.88748176e-03  1.20127328e-03  1.18849946e-03  1.22515027e-01  1.45980709e-04  -8.71573385e-02  1.01670857e+00  3.70751007e-01
    1.90000000e+00  6.13319750e-03  1.29569572e-03  1.28398300e-03  1.22143008e-01  1.45549718e-04  -8.83110943e-02  1.01732913e+00  3.68734222e-01
    1.92500000e+00  6.38372380e-03  1.39400545e-03  1.38351569e-03  1.21767388e-01  1.45102033e-04  -8.94713470e-02  1.01795845e+00  3.66744557e-01
    1.95000000e+00  6.63904176e-03  1.49623400e-03  1.48713808e-03  1.21388267e-01  1.44638858e-04  -9.06374703e-02  1.01859638e+00  3.64786329e-01
    1.97500000e+00  6.89909418e-03  1.60242220e-03  1.59490149e-03  1.21005745e-01  1.44170543e-04  -9.18121850e-02  1.01924277e+00  3.62854395e-01
    2.00000000e+00  7.16383938e-03  1.71261906e-03  1.70686656e-03  1.20619941e-01  1.43674637e-04  -9.29922722e-02  1.01989747e+00  3.60948797e-01
    2.02500000e+00  7.43323686e-03  1.82685374e-03  1.82307391e-03  1.20230960e-01  1.43181610e-04  -9.41787768e-02  1.02056033e+00  3.59071232e-01
    2.05000000e+00  7.70721770e-03  1.94515913e-03  1.94356756e-03  1.19838888e-01  1.42673125e-04  -9.53728049e-02  1.02123122e+00  3.57217464e-01
    2.07500000e+00  7.98574201e-03  2.06757557e-03  2.06839914e-03  1.19443819e-01  1.42184571e-04  -9.65719093e-02  1.02190996e+00  3.55389471e-01
    2.10000000e+00  8.26875172e-03  2.19411618e-03  2.19759178e-03  1.19045834e-01  1.41690982e-04  -9.77788999e-02  1.02259641e+00  3.53586154e-01
    2.12500000e+00  8.55618748e-03  2.32480342e-03  2.33117831e-03  1.18645021e-01  1.41218508e-04  -9.89945654e-02  1.02329042e+00  3.51804798e-01
    2.15000000e+00  8.84801696e-03  2.45966469e-03  2.46919752e-03  1.18241469e-01  1.40745178e-04  -1.00217342e-01  1.02399185e+00  3.50048498e-01
    2.17500000e+00  9.14416267e-03  2.59870837e-03  2.61166887e-03  1.17835266e-01  1.40272170e-04  -1.01449211e-01  1.02470054e+00  3.48314056e-01
    2.20000000e+00  9.44456835e-03  2.74196405e-03  2.75863448e-03  1.17426486e-01  1.39807106e-04  -1.02690122e-01  1.02541635e+00  3.46600574e-01
    2.22500000e+00  9.74918816e-03  2.88944984e-03  2.91012492e-03  1.17015192e-01  1.39340614e-04  -1.03939236e-01  1.02613914e+00  3.44910302e-01
    2.25000000e+00  1.00579343e-02  3.04117573e-03  3.06616283e-03  1.16601418e-01  1.38912931e-04  -1.05198407e-01  1.02686877e+00  3.43240066e-01
    2.27500000e+00  1.03707542e-02  3.19717860e-03  3.22680019e-03  1.16185310e-01  1.38449698e-04  -1.06466981e-01  1.02760510e+00  3.41589991e-01
    2.30000000e+00  1.06875873e-02  3.35747431e-03  3.39206740e-03  1.15766946e-01  1.38019786e-04  -1.07744037e-01  1.02834798e+00  3.39961189e-01
    2.32500000e+00  1.10083383e-02  3.52205526e-03  3.56196934e-03  1.15346411e-01  1.37597123e-04  -1.09031591e-01  1.02909727e+00  3.38351010e-01
    2.35000000e+00  1.13329592e-02  3.69093343e-03  3.73653155e-03  1.14923768e-01  1.37185323e-04  -1.10329629e-01  1.02985282e+00  3.36760187e-01
    2.37500000e+00  1.16613867e-02  3.86410301e-03  3.91576076e-03  1.14499106e-01  1.36723859e-04  -1.11636720e-01  1.03061450e+00  3.35188908e-01
    2.40000000e+00  1.19935310e-02  4.04156480e-03  4.09967183e-03  1.14072574e-01  1.36236839e-04  -1.12953603e-01  1.03138216e+00  3.33635070e-01
    2.42500000e+00  1.23293422e-02  4.22332934e-03  4.28829049e-03  1.13644227e-01  1.35785640e-04  -1.14279447e-01  1.03215567e+00  3.32099747e-01
    2.45000000e+00  1.26687484e-02  4.40939765e-03  4.48163278e-03  1.13214129e-01  1.35302000e-04  -1.15612503e-01  1.03293490e+00  3.30582489e-01
    2.47500000e+00  1.30116522e-02  4.59975585e-03  4.67969935e-03  1.12782329e-01  1.34824832e-04  -1.16953730e-01  1.03371969e+00  3.29081615e-01
    2.50000000e+00  1.33580019e-02  4.79441220e-03  4.88251431e-03  1.12348897e-01  1.34350306e-04  -1.18303337e-01  1.03450990e+00  3.27598337e-01
    2.52500000e+00  1.37077211e-02  4.99336437e-03  5.09009460e-03  1.11913988e-01  1.33903267e-04  -1.19661613e-01  1.03530543e+00  3.26131871e-01
    2.55000000e+00  1.40607002e-02  5.19658861e-03  5.30243329e-03  1.11477666e-01  1.33445304e-04  -1.21029934e-01  1.03610616e+00  3.24680840e-01
    2.57500000e+00  1.44168776e-02  5.40408839e-03  5.51954836e-03  1.11040013e-01  1.32962454e-04  -1.22408331e-01  1.03691198e+00  3.23246479e-01
    2.60000000e+00  1.47761824e-02  5.61586588e-03  5.74145650e-03  1.10601134e-01  1.32493380e-04  -1.23794331e-01  1.03772273e+00  3.21827957e-01
    2.62500000e+00  1.51385113e-02  5.83190297e-03  5.96815323e-03  1.10161003e-01  1.32027238e-04  -1.25187649e-01  1.03853826e+00  3.20424050e-01
    2.65000000e+00  1.55038058e-02  6.05218958e-03  6.19964255e-03  1.09719572e-01  1.31517195e-04  -1.26588610e-01  1.03935844e+00  3.19035830e-01
    2.67500000e+00  1.58720098e-02  6.27671999e-03  6.43593246e-03  1.09277137e-01  1.31034676e-04  -1.27996263e-01  1.04018315e+00  3.17662621e-01
    2.70000000e+00  1.62430210e-02  6.50546238e-03  6.67700175e-03  1.08833820e-01  1.30563483e-04  -1.29411855e-01  1.04101226e+00  3.16303239e-01
    2.72500000e+00  1.66167816e-02  6.73840331e-03  6.92285225e-03  1.08389632e-01  1.30059859e-04  -1.30836525e-01  1.04184564e+00  3.14958545e-01
    2.75000000e+00  1.69932351e-02  6.97553097e-03  7.17348922e-03  1.07944602e-01  1.29619788e-04  -1.32268500e-01  1.04268318e+00  3.13628243e-01
    2.77500000e+00  1.73722726e-02  7.21680798e-03  7.42889137e-03  1.07498751e-01  1.29140663e-04  -1.33706492e-01  1.04352470e+00  3.12311129e-01
    2.80000000e+00  1.77538138e-02  7.46220906e-03  7.68905100e-03  1.07052153e-01  1.28694623e-04  -1.35150418e-01  1.04437006e+00  3.11007737e-01
    2.82500000e+00  1.81377919e-02  7.71171956e-03  7.95396824e-03  1.06604739e-01  1.28241451e-04  -1.36599226e-01  1.04521913e+00  3.09718212e-01
    2.85000000e+00  1.85241139e-02  7.96531017e-03  8.22362674e-03  1.06156602e-01  1.27795216e-04  -1.38050971e-01  1.04607177e+00  3.08441295e-01
    2.87500000e+00  1.89126923e-02  8.22294710e-03  8.49800729e-03  1.05707911e-01  1.27301272e-04  -1.39505466e-01  1.04692782e+00  3.07177156e-01
    2.90000000e+00  1.93034659e-02  8.48457135e-03  8.77706312e-03  1.05258723e-01  1.26790886e-04  -1.40963488e-01  1.04778713e+00  3.05926366e-01
    2.92500000e+00  1.96963620e-02  8.75013758e-03  9.06075830e-03  1.04809078e-01  1.26282190e-04  -1.42423702e-01  1.04864960e+00  3.04687694e-01
    2.95000000e+00  2.00912960e-02  9.01961150e-03  9.34907765e-03  1.04359041e-01  1.25708841e-04  -1.43885937e-01  1.04951509e+00  3.03460928e-01
    2.97500000e+00  2.04882014e-02  9.29297124e-03  9.64203203e-03  1.03908668e-01  1.25090428e-04  -1.45352514e-01  1.05038348e+00  3.02246934e-01
    3.00000000e+00  2.08869563e-02  9.57018594e-03  9.93962660e-03  1.03458003e-01  1.24477607e-04  -1.46822419e-01  1.05125470e+00  3.01044712e-01
    3.02500000e+00  2.12874222e-02  9.85119235e-03  1.02418147e-02  1.03006960e-01  1.23826069e-04  -1.48295025e-01  1.05212864e+00  2.99853726e-01
    3.05000000e+00  2.16895140e-02  1.01359667e-02  1.05485948e-02  1.02555635e-01  1.23245194e-04  -1.49770426e-01  1.05300518e+00  2.98674821e-01
    3.07500000e+00  2.20931219e-02  1.04245255e-02  1.08600072e-02  1.02104210e-01  1.22704419e-04  -1.51249925e-01  1.05388419e+00  2.97507383e-01
    3.10000000e+00  2.24981401e-02  1.07168377e-02  1.11760377e-02  1.01652828e-01  1.22178410e-04  -1.52732574e-01  1.05476559e+00  2.96350752e-01
    3.12500000e+00  2.29044719e-02  1.10128026e-02  1.14965798e-02  1.01201550e-01  1.21632690e-04  -1.54218789e-01  1.05564927e+00  2.95205257e-01
    3.15000000e+00  2.33120779e-02  1.13123263e-02  1.18215175e-02  1.00750458e-01  1.21130202e-04  -1.55711590e-01  1.05653512e+00  2.94070972e-01
    3.17500000e+00  2.37209462e-02  1.16153844e-02  1.21508206e-02  1.00299599e-01  1.20641528e-04  -1.57211401e-01  1.05742310e+00  2.92947213e-01
    3.20000000e+00  2.41310566e-02  1.19219831e-02  1.24845031e-02  9.98489446e-02  1.20153556e-04  -1.58716490e-01  1.05831310e+00  2.91833815e-01
    3.22500000e+00  2.45423492e-02  1.22321186e-02  1.28225767e-02  9.93984676e-02  1.19654121e-04  -1.60225190e-01  1.05920499e+00  2.90731295e-01
    3.25000000e+00  2.49547198e-02  1.25456635e-02  1.31649206e-02  9.89482272e-02  1.19165365e-04  -1.61736883e-01  1.06009860e+00  2.89639007e-01
    3.27500000e+00  2.53681013e-02  1.28625527e-02  1.35114851e-02  9.84982364e-02  1.18685512e-04  -1.63250812e-01  1.06099382e+00  2.88556543e-01
    3.30000000e+00  2.57824408e-02  1.31827506e-02  1.38622608e-02  9.80485268e-02  1.18217408e-04  -1.64765319e-01  1.06189051e+00  2.87484340e-01
    3.32500000e+00  2.61976190e-02  1.35062025e-02  1.42172266e-02  9.75991105e-02  1.17741205e-04  -1.66278983e-01  1.06278854e+00  2.86422114e-01
    3.35000000e+00  2.66134932e-02  1.38328136e-02  1.45763077e-02  9.71500430e-02  1.17279184e-04  -1.67791343e-01  1.06368776e+00  2.85369447e-01
    3.37500000e+00  2.70299682e-02  1.41625183e-02  1.49394504e-02  9.67012292e-02  1.16758708e-04  -1.69301870e-01  1.06458806e+00  2.84326280e-01
    3.40000000e+00  2.74469781e-02  1.44952568e-02  1.53066087e-02  9.62527693e-02  1.16226747e-04  -1.70809616e-01  1.06548934e+00  2.83292914e-01
    3.42500000e+00  2.78644127e-02  1.48309601e-02  1.56777336e-02  9.58047771e-02  1.15697797e-04  -1.72317429e-01  1.06639144e+00  2.82268836e-01
    3.45000000e+00  2.82821613e-02  1.51695623e-02  1.60527726e-02  9.53573877e-02  1.15169950e-04  -1.73826749e-01  1.06729437e+00  2.81253791e-01
    3.47500000e+00  2.87001661e-02  1.55110118e-02  1.64316734e-02  9.49106255e-02  1.14633316e-04  -1.75337680e-01  1.06819809e+00  2.80248080e-01
    3.50000000e+00  2.91183638e-02  1.58552525e-02  1.68143687e-02  9.44645075e-02  1.14076359e-04  -1.76849042e-01  1.06910252e+00  2.79251482e-01
    3.52500000e+00  2.95366893e-02  1.62022169e-02  1.72007741e-02  9.40191275e-02  1.13514072e-04  -1.78360695e-01  1.07000755e+00  2.78263639e-01
    3.55000000e+00  2.99551029e-02  1.65518741e-02  1.75908633e-02  9.35744462e-02  1.12914954e-04  -1.79871706e-01  1.07091307e+00  2.77284476e-01
    3.57500000e+00  3.03735694e-02  1.69041894e-02  1.79846102e-02  9.31304715e-02  1.12316659e-04  -1.81381483e-01  1.07181897e+00  2.76314285e-01
    3.60000000e+00  3.07920000e-02  1.72590974e-02  1.83819591e-02  9.26872759e-02  1.11764225e-04  -1.82889511e-01  1.07272513e+00  2.75352633e-01
    3.62500000e+00  3.12102903e-02  1.76165062e-02  1.87828253e-02  9.22448447e-02  1.11210664e-04  -1.84395461e-01  1.07363147e+00  2.74399282e-01
    3.65000000e+00  3.16283603e-02  1.79763269e-02  1.91871198e-02  9.18031938e-02  1.10684619e-04  -1.85899459e-01  1.07453786e+00  2.73454342e-01
    3.67500000e+00  3.20461698e-02  1.83385229e-02  1.95948130e-02  9.13623917e-02  1.10126717e-04  -1.87400875e-01  1.07544422e+00  2.72517896e-01
    3.70000000e+00  3.24636360e-02  1.87030237e-02  2.00058376e-02  9.09224036e-02  1.09533040e-04  -1.88899136e-01  1.07635045e+00  2.71589546e-01
    3.72500000e+00  3.28806594e-02  1.90697295e-02  2.04200921e-02  9.04832180e-02  1.08901972e-04  -1.90394211e-01  1.07725647e+00  2.70669114e-01
    3.75000000e+00  3.32971848e-02  1.94385620e-02  2.08374929e-02  9.00448944e-02  1.08325028e-04  -1.91886109e-01  1.07816218e+00  2.69756852e-01
    3.77500000e+00  3.37131674e-02  1.98094658e-02  2.12579783e-02  8.96075099e-02  1.07696961e-04  -1.93374156e-01  1.07906749e+00  2.68852624e-01
    3.80000000e+00  3.41285599e-02  2.01823936e-02  2.16815012e-02  8.91710217e-02  1.07108797e-04  -1.94857824e-01  1.07997230e+00  2.67956108e-01
    3.82500000e+00  3.45432697e-02  2.05572574e-02  2.21079726e-02  8.87356296e-02  1.06477226e-04  -1.96337194e-01  1.08087653e+00  2.67067161e-01
    3.85000000e+00  3.49572424e-02  2.09339799e-02  2.25373138e-02  8.83011925e-02  1.05831956e-04  -1.97812585e-01  1.08178016e+00  2.66186063e-01
    3.87500000e+00  3.53704114e-02  2.13124785e-02  2.29694334e-02  8.78677260e-02  1.05169251e-04  -1.99283732e-01  1.08268309e+00  2.65312591e-01
    3.90000000e+00  3.57827328e-02  2.16926987e-02  2.34042758e-02  8.74352422e-02  1.04580344e-04  -2.00750439e-01  1.08358526e+00  2.64446487e-01
    3.92500000e+00  3.61941158e-02  2.20745401e-02  2.38417356e-02  8.70037888e-02  1.03982841e-04  -2.02212620e-01  1.08448658e+00  2.63587641e-01
    3.95000000e+00  3.66045105e-02  2.24579343e-02  2.42817478e-02  8.65733668e-02  1.03402209e-04  -2.03670764e-01  1.08538697e+00  2.62736305e-01
    3.97500000e+00  3.70138364e-02  2.28427922e-02  2.47242144e-02  8.61440716e-02  1.02796925e-04  -2.05124516e-01  1.08628634e+00  2.61892262e-01
    4.00000000e+00  3.74220413e-02  2.32290546e-02  2.51690705e-02  8.57158403e-02  1.02104050e-04  -2.06573279e-01  1.08718468e+00  2.61055290e-01
    4.02500000e+00  3.78290541e-02  2.36166435e-02  2.56162287e-02  8.52886246e-02  1.01417217e-04  -2.08016383e-01  1.08808192e+00  2.60225294e-01
    4.05000000e+00  3.82348217e-02  2.40054937e-02  2.60656194e-02  8.48624743e-02  1.00789718e-04  -2.09453561e-01  1.08897795e+00  2.59402478e-01
    4.07500000e+00  3.86392715e-02  2.43955287e-02  2.65171562e-02  8.44374265e-02  1.00171260e-04  -2.10884304e-01  1.08987269e+00  2.58586661e-01
    4.10000000e+00  3.90423347e-02  2.47866730e-02  2.69707494e-02  8.40135203e-02  9.95816789e-05  -2.12307819e-01  1.09076601e+00  2.57777644e-01
    4.12500000e+00  3.94439700e-02  2.51788706e-02  2.74263276e-02  8.35908306e-02  9.89571156e-05  -2.13723695e-01  1.09165782e+00  2.56975324e-01
    4.15000000e+00  3.98441298e-02  2.55720578e-02  2.78838151e-02  8.31693616e-02  9.82609860e-05  -2.15131807e-01  1.09254811e+00  2.56179856e-01
    4.17500000e+00  4.02427543e-02  2.59661410e-02  2.83430855e-02  8.27490130e-02  9.76116371e-05  -2.16532580e-01  1.09343686e+00  2.55391100e-01
    4.20000000e+00  4.06398037e-02  2.63610431e-02  2.88040298e-02  8.23297777e-02  9.69833554e-05  -2.17926257e-01  1.09432398e+00  2.54608884e-01
    4.22500000e+00  4.10352644e-02  2.67567277e-02  2.92665950e-02  8.19117275e-02  9.63706805e-05  -2.19312372e-01  1.09520944e+00  2.53833084e-01
    4.25000000e+00  4.14291126e-02  2.71531377e-02  2.97307112e-02  8.14949428e-02  9.57920021e-05  -2.20690765e-01  1.09609312e+00  2.53063832e-01
    4.27500000e+00  4.18212870e-02  2.75501759e-02  3.01962567e-02  8.10793911e-02  9.51877797e-05  -2.22061205e-01  1.09697496e+00  2.52301037e-01
    4.30000000e+00  4.22117362e-02  2.79477392e-02  3.06630992e-02  8.06651189e-02  9.45206304e-05  -2.23423906e-01  1.09785494e+00  2.51544547e-01
    4.32500000e+00  4.26004248e-02  2.83457559e-02  3.11311473e-02  8.02520565e-02  9.38432044e-05  -2.24778323e-01  1.09873306e+00  2.50794245e-01
    4.35000000e+00  4.29873414e-02  2.87441705e-02  3.16003273e-02  7.98401577e-02  9.31823666e-05  -2.26124205e-01  1.09960921e+00  2.50050186e-01
    4.37500000e+00  4.33724508e-02  2.91429163e-02  3.20705576e-02  7.94295061e-02  9.25473585e-05  -2.27461339e-01  1.10048332e+00  2.49312352e-01
    4.40000000e+00  4.37556883e-02  2.95419105e-02  3.25417388e-02  7.90201249e-02  9.19734546e-05  -2.28789567e-01  1.10135532e+00  2.48580609e-01
    4.42500000e+00  4.41369900e-02  2.99410679e-02  3.30137665e-02  7.86120497e-02  9.13578624e-05  -2.30108382e-01  1.10222512e+00  2.47854845e-01
    4.45000000e+00  4.45163087e-02  3.03403124e-02  3.34865450e-02  7.82051748e-02  9.06410068e-05  -2.31417516e-01  1.10309274e+00  2.47135030e-01
    4.47500000e+00  4.48936372e-02  3.07396077e-02  3.39600246e-02  7.77995746e-02  8.99584092e-05  -2.32716510e-01  1.10395816e+00  2.46421207e-01
    4.50000000e+00  4.52689096e-02  3.11388550e-02  3.44340710e-02  7.73951831e-02  8.92983077e-05  -2.34004920e-01  1.10482129e+00  2.45713244e-01
    4.52500000e+00  4.56420808e-02  3.15379847e-02  3.49085861e-02  7.69920576e-02  8.86728125e-05  -2.35282749e-01  1.10568208e+00  2.45011045e-01
    4.55000000e+00  4.60131084e-02  3.19369313e-02  3.53834752e-02  7.65902319e-02  8.81176870e-05  -2.36549852e-01  1.10654043e+00  2.44314528e-01
    4.57500000e+00  4.63819777e-02  3.23356392e-02  3.58586473e-02  7.61896996e-02  8.75390434e-05  -2.37805929e-01  1.10739630e+00  2.43623767e-01
    4.60000000e+00  4.67486895e-02  3.27340695e-02  3.63340308e-02  7.57904270e-02  8.68500774e-05  -2.39050796e-01  1.10824971e+00  2.42938662e-01
    4.62500000e+00  4.71132046e-02  3.31321456e-02  3.68095094e-02  7.53924066e-02  8.61357378e-05  -2.40284313e-01  1.10910063e+00  2.42259123e-01
    4.65000000e+00  4.74754915e-02  3.35297895e-02  3.72849628e-02  7.49956644e-02  8.55125266e-05  -2.41506413e-01  1.10994901e+00  2.41585069e-01
    4.67500000e+00  4.78355430e-02  3.39269481e-02  3.77603031e-02  7.46002013e-02  8.49313623e-05  -2.42716806e-01  1.11079476e+00  2.40916487e-01
    4.70000000e+00  4.81933617e-02  3.43235768e-02  3.82354587e-02  7.42060813e-02  8.43373211e-05  -2.43915285e-01  1.11163780e+00  2.40253401e-01
    4.72500000e+00  4.85489318e-02  3.47196164e-02  3.87103344e-02  7.38132796e-02  8.37462361e-05  -2.45101519e-01  1.11247811e+00  2.39595692e-01
    4.75000000e+00  4.89022234e-02  3.51149947e-02  3.91848233e-02  7.34217287e-02  8.30019407e-05  -2.46275344e-01  1.11331571e+00  2.38943288e-01
    4.77500000e+00  4.92532047e-02  3.55096377e-02  3.96588203e-02  7.30314386e-02  8.23071627e-05  -2.47436713e-01  1.11415058e+00  2.38296118e-01
    4.80000000e+00  4.96018698e-02  3.59034867e-02  4.01322348e-02  7.26424087e-02  8.16570595e-05  -2.48585476e-01  1.11498267e+00  2.37654213e-01
    4.82500000e+00  4.99482023e-02  3.62964804e-02  4.06049729e-02  7.22546909e-02  8.10695987e-05  -2.49721450e-01  1.11581192e+00  2.37017519e-01
    4.85000000e+00  5.02921910e-02  3.66885776e-02  4.10769683e-02  7.18682990e-02  8.05576811e-05  -2.50844328e-01  1.11663825e+00  2.36385936e-01
    4.87500000e+00  5.06338008e-02  3.70797054e-02  4.15481120e-02  7.14831834e-02  7.99114093e-05  -2.51953809e-01  1.11746168e+00  2.35759408e-01
    4.90000000e+00  5.09730001e-02  3.74697963e-02  4.20183025e-02  7.10993718e-02  7.91614872e-05  -2.53049750e-01  1.11828222e+00  2.35137891e-01
    4.92500000e+00  5.13097737e-02  3.78588028e-02  4.24874649e-02  7.07167750e-02  7.84754880e-05  -2.54131849e-01  1.11909985e+00  2.34521412e-01
    4.95000000e+00  5.16440752e-02  3.82466494e-02  4.29554865e-02  7.03354406e-02  7.78626104e-05  -2.55200057e-01  1.11991450e+00  2.33909907e-01
    4.97500000e+00  5.19758806e-02  3.86332845e-02  4.34222822e-02  6.99553734e-02  7.73091456e-05  -2.56254139e-01  1.12072609e+00  2.33303306e-01
    5.00000000e+00  5.23051683e-02  3.90186549e-02  4.38877624e-02  6.95766286e-02  7.67576705e-05  -2.57293961e-01  1.12153459e+00  2.32701557e-01
    5.02500000e+00  5.26319145e-02  3.94026958e-02  4.43518199e-02  6.91991398e-02  7.60806661e-05  -2.58319438e-01  1.12234001e+00  2.32104651e-01
    5.05000000e+00  5.29561228e-02  3.97853675e-02  4.48143786e-02  6.88229484e-02  7.53516427e-05  -2.59330385e-01  1.12314238e+00  2.31512592e-01
    5.07500000e+00  5.32777820e-02  4.01666172e-02  4.52753429e-02  6.84479388e-02  7.46961678e-05  -2.60326674e-01  1.12394168e+00  2.30925296e-01
    5.10000000e+00  5.35968895e-02  4.05463964e-02  4.57346231e-02  6.80742101e-02  7.41100077e-05  -2.61308216e-01  1.12473784e+00  2.30342698e-01
    5.12500000e+00  5.39134578e-02  4.09246748e-02  4.61921537e-02  6.77017791e-02  7.35984582e-05  -2.62274838e-01  1.12553083e+00  2.29764729e-01
    5.15000000e+00  5.42274896e-02  4.13014071e-02  4.66478521e-02  6.73306277e-02  7.30185162e-05  -2.63226536e-01  1.12632061e+00  2.29191386e-01
    5.17500000e+00  5.45389974e-02  4.16765533e-02  4.71016417e-02  6.69607758e-02  7.23104433e-05  -2.64163237e-01  1.12710726e+00  2.28622663e-01
    5.20000000e+00  5.48479789e-02  4.20500678e-02  4.75534385e-02  6.65921444e-02  7.16546037e-05  -2.65084765e-01  1.12789077e+00  2.28058473e-01
    5.22500000e+00  5.51544287e-02  4.24219039e-02  4.80031593e-02  6.62247053e-02  7.10413294e-05  -2.65991009e-01  1.12867111e+00  2.27498753e-01
    5.25000000e+00  5.54583446e-02  4.27920200e-02  4.84507259e-02  6.58585426e-02  7.05120633e-05  -2.66881817e-01  1.12944824e+00  2.26943449e-01
    5.27500000e+00  5.57597401e-02  4.31603968e-02  4.88960931e-02  6.54936493e-02  6.99938422e-05  -2.67756865e-01  1.13022211e+00  2.26392533e-01
    5.30000000e+00  5.60586180e-02  4.35269981e-02  4.93391961e-02  6.51300373e-02  6.93170265e-05  -2.68616097e-01  1.13099273e+00  2.25846033e-01
    5.32500000e+00  5.63549615e-02  4.38917787e-02  4.97799567e-02  6.47676586e-02  6.86486052e-05  -2.69459216e-01  1.13176015e+00  2.25303869e-01
    5.35000000e+00  5.66487603e-02  4.42546945e-02  5.02182954e-02  6.44064250e-02  6.80350890e-05  -2.70286117e-01  1.13252433e+00  2.24765976e-01
    5.37500000e+00  5.69400123e-02  4.46157083e-02  5.06541409e-02  6.40463631e-02  6.74563186e-05  -2.71096760e-01  1.13328526e+00  2.24232301e-01
    5.40000000e+00  5.72287266e-02  4.49747927e-02  5.10874321e-02  6.36875854e-02  6.69593647e-05  -2.71891096e-01  1.13404289e+00  2.23702806e-01
    5.42500000e+00  5.75149331e-02  4.53319354e-02  5.15181280e-02  6.33300950e-02  6.63476074e-05  -2.72669136e-01  1.13479722e+00  2.23177503e-01
    5.45000000e+00  5.77986336e-02  4.56871008e-02  5.19461574e-02  6.29738584e-02  6.56408353e-05  -2.73430878e-01  1.13554829e+00  2.22656356e-01
    5.47500000e+00  5.80798317e-02  4.60402567e-02  5.23714537e-02  6.26187850e-02  6.49554183e-05  -2.74176188e-01  1.13629614e+00  2.22139291e-01
    5.50000000e+00  5.83585349e-02  4.63913752e-02  5.27939572e-02  6.22647929e-02  6.43588804e-05  -2.74904980e-01  1.13704073e+00  2.21626252e-01
    5.52500000e+00  5.86347484e-02  4.67404273e-02  5.32136081e-02  6.19120021e-02  6.38847172e-05  -2.75617203e-01  1.13778205e+00  2.21117194e-01
    5.55000000e+00  5.89084995e-02  4.70874027e-02  5.36303705e-02  6.15605221e-02  6.33934762e-05  -2.76312828e-01  1.13852008e+00  2.20612118e-01
    5.57500000e+00  5.91798071e-02  4.74322879e-02  5.40442057e-02  6.12102932e-02  6.27981528e-05  -2.76991781e-01  1.13925482e+00  2.20110998e-01
    5.60000000e+00  5.94486688e-02  4.77750493e-02  5.44550486e-02  6.08612889e-02  6.21347639e-05  -2.77653995e-01  1.13998632e+00  2.19613794e-01
    5.62500000e+00  5.97150867e-02  4.81156584e-02  5.48628431e-02  6.05133232e-02  6.14779982e-05  -2.78299366e-01  1.14071459e+00  2.19120442e-01
    5.65000000e+00  5.99790703e-02  4.84540940e-02  5.52675419e-02  6.01664130e-02  6.09774996e-05  -2.78927838e-01  1.14143961e+00  2.18630891e-01
    5.67500000e+00  6.02406351e-02  4.87903405e-02  5.56691073e-02  5.98207878e-02  6.05040887e-05  -2.79539414e-01  1.14216137e+00  2.18145114e-01
    5.70000000e+00  6.04998092e-02  4.91243925e-02  5.60675153e-02  5.94763823e-02  5.99946767e-05  -2.80134114e-01  1.14287985e+00  2.17663107e-01
    5.72500000e+00  6.07566053e-02  4.94562336e-02  5.64627264e-02  5.91332434e-02  5.93535300e-05  -2.80711916e-01  1.14359509e+00  2.17184826e-01
    5.75000000e+00  6.10110288e-02  4.97858407e-02  5.68546936e-02  5.87912021e-02  5.87426702e-05  -2.81272800e-01  1.14430714e+00  2.16710240e-01
    5.77500000e+00  6.12630862e-02  5.01131916e-02  5.72433710e-02  5.84501534e-02  5.81973462e-05  -2.81816715e-01  1.14501599e+00  2.16239288e-01
    5.80000000e+00  6.15127909e-02  5.04382710e-02  5.76287224e-02  5.81102765e-02  5.77438620e-05  -2.82343647e-01  1.14572166e+00  2.15771924e-01
    5.82500000e+00  6.17601696e-02  5.07610757e-02  5.80107280e-02  5.77716183e-02  5.73082494e-05  -2.82853639e-01  1.14642409e+00  2.15308135e-01
    5.85000000e+00  6.20052467e-02  5.10816018e-02  5.83893671e-02  5.74342111e-02  5.67287730e-05  -2.83346718e-01  1.14712332e+00  2.14847902e-01
    5.87500000e+00  6.22480373e-02  5.13998396e-02  5.87646119e-02  5.70979623e-02  5.61449954e-05  -2.83822884e-01  1.14781940e+00  2.14391177e-01
    5.90000000e+00  6.24885523e-02  5.17157762e-02  5.91364312e-02  5.67626808e-02  5.55553627e-05  -2.84282136e-01  1.14851235e+00  2.13937940e-01
    5.92500000e+00  6.27268013e-02  5.20293980e-02  5.95047938e-02  5.64284924e-02  5.50925964e-05  -2.84724447e-01  1.14920217e+00  2.13488137e-01
    5.95000000e+00  6.29627969e-02  5.23406939e-02  5.98696737e-02  5.60954498e-02  5.46832904e-05  -2.85149841e-01  1.14988884e+00  2.13041726e-01
    5.97500000e+00  6.31965699e-02  5.26496694e-02  6.02310680e-02  5.57636446e-02  5.41868688e-05  -2.85558391e-01  1.15057237e+00  2.12598696e-01
    6.00000000e+00  6.34281397e-02  5.29563207e-02  6.05889624e-02  5.54330480e-02  5.35952116e-05  -2.85950142e-01  1.15125280e+00  2.12159016e-01
    6.02500000e+00  6.36575222e-02  5.32606432e-02  6.09433419e-02  5.51034827e-02  5.30166696e-05  -2.86325135e-01  1.15193017e+00  2.11722645e-01
    6.05000000e+00  6.38847306e-02  5.35626296e-02  6.12941890e-02  5.47748271e-02  5.25128645e-05  -2.86683418e-01  1.15260450e+00  2.11289554e-01
    6.07500000e+00  6.41097766e-02  5.38622712e-02  6.16414846e-02  5.44472765e-02  5.20726143e-05  -2.87024993e-01  1.15327578e+00  2.10859712e-01
    6.10000000e+00  6.43326730e-02  5.41595607e-02  6.19852122e-02  5.41209156e-02  5.16683138e-05  -2.87349897e-01  1.15394401e+00  2.10433074e-01
    6.12500000e+00  6.45534503e-02  5.44545064e-02  6.23253765e-02  5.37957614e-02  5.11290915e-05  -2.87658246e-01  1.15460921e+00  2.10009624e-01
    6.15000000e+00  6.47721307e-02  5.47471118e-02  6.26619765e-02  5.34717555e-02  5.05580290e-05  -2.87950134e-01  1.15527144e+00  2.09589331e-01
    6.17500000e+00  6.49887296e-02  5.50373750e-02  6.29950038e-02  5.31486691e-02  5.00158595e-05  -2.88225641e-01  1.15593072e+00  2.09172158e-01
    6.20000000e+00  6.52032625e-02  5.53252948e-02  6.33244524e-02  5.28265363e-02  4.95992871e-05  -2.88484840e-01  1.15658706e+00  2.08758073e-01
    6.22500000e+00  6.54157450e-02  5.56108707e-02  6.36503168e-02  5.25055497e-02  4.91797878e-05  -2.88727778e-01  1.15724044e+00  2.08347057e-01
    6.25000000e+00  6.56261931e-02  5.58941042e-02  6.39725959e-02  5.21857220e-02  4.86500139e-05  -2.88954521e-01  1.15789090e+00  2.07939070e-01
    6.27500000e+00  6.58346324e-02  5.61750038e-02  6.42913001e-02  5.18670920e-02  4.80928437e-05  -2.89165200e-01  1.15853847e+00  2.07534091e-01
    6.30000000e+00  6.60410852e-02  5.64535766e-02  6.46064395e-02  5.15494132e-02  4.75874186e-05  -2.89359924e-01  1.15918319e+00  2.07132091e-01
    6.32500000e+00  6.62455650e-02  5.67298236e-02  6.49180163e-02  5.12325978e-02  4.71465964e-05  -2.89538797e-01  1.15982508e+00  2.06733035e-01
    6.35000000e+00  6.64480849e-02  5.70037457e-02  6.52260327e-02  5.09168399e-02  4.67865663e-05  -2.89701912e-01  1.16046415e+00  2.06336891e-01
    6.37500000e+00  6.66486616e-02  5.72753475e-02  6.55304963e-02  5.06021889e-02  4.62663545e-05  -2.89849359e-01  1.16110039e+00  2.05943632e-01
    6.40000000e+00  6.68473129e-02  5.75446343e-02  6.58314155e-02  5.02887630e-02  4.57112268e-05  -2.89981251e-01  1.16173385e+00  2.05553236e-01
    6.42500000e+00  6.70440579e-02  5.78116137e-02  6.61288041e-02  4.99763109e-02  4.52239564e-05  -2.90097708e-01  1.16236456e+00  2.05165673e-01
    6.45000000e+00  6.72389215e-02  5.80762976e-02  6.64226802e-02  4.96647255e-02  4.47532703e-05  -2.90198854e-01  1.16299256e+00  2.04780922e-01
    6.47500000e+00  6.74319200e-02  5.83386928e-02  6.67130557e-02  4.93541486e-02  4.43899334e-05  -2.90284845e-01  1.16361785e+00  2.04398948e-01
    6.50000000e+00  6.76230686e-02  5.85988047e-02  6.69999408e-02  4.90446597e-02  4.39381668e-05  -2.90355863e-01  1.16424044e+00  2.04019723e-01
    6.52500000e+00  6.78123855e-02  5.88566425e-02  6.72833509e-02  4.87363332e-02  4.34131391e-05  -2.90411981e-01  1.16486036e+00  2.03643217e-01
    6.55000000e+00  6.79998891e-02  5.91122162e-02  6.75633032e-02  4.84290066e-02  4.29231350e-05  -2.90453317e-01  1.16547764e+00  2.03269405e-01
    6.57500000e+00  6.81855976e-02  5.93655359e-02  6.78398174e-02  4.81225200e-02  4.25072623e-05  -2.90480052e-01  1.16609232e+00  2.02898265e-01
    6.60000000e+00  6.83695336e-02  5.96166154e-02  6.81129194e-02  4.78169842e-02  4.21887582e-05  -2.90492332e-01  1.16670443e+00  2.02529779e-01
    6.62500000e+00  6.85517139e-02  5.98654642e-02  6.83826296e-02  4.75124777e-02  4.17940983e-05  -2.90490293e-01  1.16731396e+00  2.02163921e-01
    6.65000000e+00  6.87321532e-02  6.01120912e-02  6.86489674e-02  4.72091685e-02  4.12878235e-05  -2.90474107e-01  1.16792094e+00  2.01800659e-01
    6.67500000e+00  6.89108665e-02  6.03565052e-02  6.89119539e-02  4.69068510e-02  4.08423534e-05  -2.90443926e-01  1.16852539e+00  2.01439964e-01
    6.70000000e+00  6.90878693e-02  6.05987157e-02  6.91716118e-02  4.66053683e-02  4.04392993e-05  -2.90399876e-01  1.16912736e+00  2.01081810e-01
    6.72500000e+00  6.92631748e-02  6.08387316e-02  6.94279631e-02  4.63047494e-02  4.01029120e-05  -2.90342139e-01  1.16972689e+00  2.00726170e-01
    6.75000000e+00  6.94367999e-02  6.10765651e-02  6.96810345e-02  4.60051506e-02  3.97382279e-05  -2.90270892e-01  1.17032397e+00  2.00373026e-01
    6.77500000e+00  6.96087690e-02  6.13122344e-02  6.99308601e-02  4.57066989e-02  3.93014596e-05  -2.90186290e-01  1.17091861e+00  2.00022367e-01
    6.80000000e+00  6.97790960e-02  6.15457502e-02  7.01774645e-02  4.54092410e-02  3.88636440e-05  -2.90088533e-01  1.17151086e+00  1.99674163e-01
    6.82500000e+00  6.99477931e-02  6.17771216e-02  7.04208696e-02  4.51126251e-02  3.84993416e-05  -2.89977815e-01  1.17210074e+00  1.99328385e-01
    6.85000000e+00  7.01148779e-02  6.20063619e-02  7.06611044e-02  4.48168105e-02  3.82334055e-05  -2.89854297e-01  1.17268830e+00  1.98985005e-01
    6.87500000e+00  7.02803660e-02  6.22334841e-02  7.08981963e-02  4.45219390e-02  3.78699692e-05  -2.89718136e-01  1.17327353e+00  1.98643998e-01
    6.90000000e+00  7.04442724e-02  6.24585020e-02  7.11321742e-02  4.42282008e-02  3.74561582e-05  -2.89569529e-01  1.17385647e+00  1.98305343e-01
    6.92500000e+00  7.06066093e-02  6.26814252e-02  7.13630621e-02  4.39354733e-02  3.70127915e-05  -2.89408607e-01  1.17443713e+00  1.97969022e-01
    6.95000000e+00  7.07673998e-02  6.29022736e-02  7.15908985e-02  4.36435930e-02  3.66682585e-05  -2.89235565e-01  1.17501554e+00  1.97635024e-01
    6.97500000e+00  7.09266560e-02  6.31210591e-02  7.18157096e-02  4.33525295e-02  3.64027936e-05  -2.89050577e-01  1.17559174e+00  1.97303326e-01
    7.00000000e+00  7.10843918e-02  6.33377938e-02  7.20375237e-02  4.30623759e-02  3.60637005e-05  -2.88853812e-01  1.17616574e+00  1.96973901e-01
    7.02500000e+00  7.12406215e-02  6.35524903e-02  7.22563711e-02  4.27733124e-02  3.56613694e-05  -2.88645458e-01  1.17673757e+00  1.96646722e-01
    7.05000000e+00  7.13953582e-02  6.37651625e-02  7.24722829e-02  4.24851942e-02  3.53014367e-05  -2.88425663e-01  1.17730725e+00  1.96321767e-01
    7.07500000e+00  7.15486166e-02  6.39758257e-02  7.26852916e-02  4.21979391e-02  3.50252254e-05  -2.88194607e-01  1.17787479e+00  1.95999016e-01
    7.10000000e+00  7.17004090e-02  6.41844914e-02  7.28954273e-02  4.19114844e-02  3.48036325e-05  -2.87952522e-01  1.17844023e+00  1.95678445e-01
    7.12500000e+00  7.18507561e-02  6.43911798e-02  7.31027294e-02  4.16259081e-02  3.44772989e-05  -2.87699620e-01  1.17900360e+00  1.95360043e-01
    7.15000000e+00  7.19996761e-02  6.45959092e-02  7.33072356e-02  4.13413663e-02  3.40552966e-05  -2.87436109e-01  1.17956493e+00  1.95043791e-01
    7.17500000e+00  7.21471822e-02  6.47986928e-02  7.35089773e-02  4.10578054e-02  3.36842529e-05  -2.87162204e-01  1.18012422e+00  1.94729666e-01
    7.20000000e+00  7.22932898e-02  6.49995476e-02  7.37079909e-02  4.07750870e-02  3.34335510e-05  -2.86878133e-01  1.18068150e+00  1.94417644e-01
    7.22500000e+00  7.24380112e-02  6.51984874e-02  7.39043093e-02  4.04931066e-02  3.32894543e-05  -2.86584043e-01  1.18123679e+00  1.94107703e-01
    7.25000000e+00  7.25813593e-02  6.53955265e-02  7.40979649e-02  4.02120005e-02  3.30253948e-05  -2.86280153e-01  1.18179014e+00  1.93799820e-01
    7.27500000e+00  7.27233484e-02  6.55906814e-02  7.42889951e-02  3.99318893e-02  3.26666221e-05  -2.85966698e-01  1.18234158e+00  1.93493972e-01
    7.30000000e+00  7.28639934e-02  6.57839691e-02  7.44774368e-02  3.96527704e-02  3.23804690e-05  -2.85643846e-01  1.18289111e+00  1.93190143e-01
    7.32500000e+00  7.30033138e-02  6.59754102e-02  7.46633324e-02  3.93744682e-02  3.21675587e-05  -2.85311878e-01  1.18343872e+00  1.92888320e-01
    7.35000000e+00  7.31413198e-02  6.61650179e-02  7.48467139e-02  3.90968888e-02  3.20340207e-05  -2.84971001e-01  1.18398446e+00  1.92588489e-01
    7.37500000e+00  7.32780191e-02  6.63528040e-02  7.50276102e-02  3.88201391e-02  3.17398825e-05  -2.84621323e-01  1.18452838e+00  1.92290625e-01
    7.40000000e+00  7.34134208e-02  6.65387811e-02  7.52060517e-02  3.85443473e-02  3.14050508e-05  -2.84262953e-01  1.18507052e+00  1.91994708e-01
    7.42500000e+00  7.35475342e-02  6.67229612e-02  7.53820685e-02  3.82695269e-02  3.11451723e-05  -2.83896164e-01  1.18561084e+00  1.91700720e-01
    7.45000000e+00  7.36803678e-02  6.69053576e-02  7.55556912e-02  3.79954933e-02  3.10243419e-05  -2.83521085e-01  1.18614937e+00  1.91408642e-01
    7.47500000e+00  7.38119330e-02  6.70859860e-02  7.57269554e-02  3.77222087e-02  3.09765404e-05  -2.83137880e-01  1.18668613e+00  1.91118455e-01
    7.50000000e+00  7.39422406e-02  6.72648594e-02  7.58958929e-02  3.74496827e-02  3.07733058e-05  -2.82746801e-01  1.18722119e+00  1.90830139e-01
    7.52500000e+00  7.40713062e-02  6.74419972e-02  7.60625436e-02  3.71780933e-02  3.05108319e-05  -2.82348066e-01  1.18775458e+00  1.90543682e-01
    7.55000000e+00  7.41991350e-02  6.76174084e-02  7.62269333e-02  3.69074270e-02  3.03011729e-05  -2.81941804e-01  1.18828627e+00  1.90259073e-01
    7.57500000e+00  7.43257336e-02  6.77911042e-02  7.63890892e-02  3.66376003e-02  3.02088630e-05  -2.81528186e-01  1.18881626e+00  1.89976293e-01
    7.60000000e+00  7.44511116e-02  6.79630989e-02  7.65490427e-02  3.63684853e-02  3.01913988e-05  -2.81107379e-01  1.18934459e+00  1.89695325e-01
    7.62500000e+00  7.45752782e-02  6.81334083e-02  7.67068265e-02  3.61001537e-02  3.00042739e-05  -2.80679543e-01  1.18987134e+00  1.89416146e-01
    7.65000000e+00  7.46982415e-02  6.83020453e-02  7.68624718e-02  3.58327238e-02  2.97916164e-05  -2.80244867e-01  1.19039652e+00  1.89138737e-01
    7.67500000e+00  7.48200084e-02  6.84690217e-02  7.70160060e-02  3.55661642e-02  2.96219449e-05  -2.79803569e-01  1.19092010e+00  1.88863080e-01
    7.70000000e+00  7.49405867e-02  6.86343518e-02  7.71674596e-02  3.53004118e-02  2.95336580e-05  -2.79355820e-01  1.19144211e+00  1.88589162e-01
    7.72500000e+00  7.50599888e-02  6.87980531e-02  7.73168676e-02  3.50353805e-02  2.95658768e-05  -2.78901811e-01  1.19196257e+00  1.88316972e-01
    7.75000000e+00  7.51782196e-02  6.89601358e-02  7.74642546e-02  3.47711119e-02  2.94216217e-05  -2.78441677e-01  1.19248155e+00  1.88046496e-01
    7.77500000e+00  7.52952864e-02  6.91206127e-02  7.76096495e-02  3.45077110e-02  2.92391906e-05  -2.77975604e-01  1.19299908e+00  1.87777713e-01
    7.80000000e+00  7.54111927e-02  6.92794941e-02  7.77530769e-02  3.42451909e-02  2.90986491e-05  -2.77503699e-01  1.19351513e+00  1.87510612e-01
    7.82500000e+00  7.55259425e-02  6.94367898e-02  7.78945613e-02  3.39834299e-02  2.90919259e-05  -2.77026138e-01  1.19402971e+00  1.87245175e-01
    7.85000000e+00  7.56395374e-02  6.95925080e-02  7.80341243e-02  3.37223914e-02  2.92471546e-05  -2.76543073e-01  1.19454286e+00  1.86981388e-01
    7.87500000e+00  7.57519751e-02  6.97466533e-02  7.81717836e-02  3.34621273e-02  2.92064707e-05  -2.76054571e-01  1.19505464e+00  1.86719232e-01
    7.90000000e+00  7.58632525e-02  6.98992278e-02  7.83075514e-02  3.32026944e-02  2.90842963e-05  -2.75560740e-01  1.19556509e+00  1.86458694e-01
    7.92500000e+00  7.59733741e-02  7.00502419e-02  7.84414519e-02  3.29441458e-02  2.89783922e-05  -2.75061733e-01  1.19607416e+00  1.86199764e-01
    7.95000000e+00  7.60823438e-02  7.01997058e-02  7.85735080e-02  3.26863426e-02  2.89939527e-05  -2.74557676e-01  1.19658188e+00  1.85942432e-01
    7.97500000e+00  7.61901627e-02  7.03476265e-02  7.87037391e-02  3.24292269e-02  2.91601946e-05  -2.74048672e-01  1.19708827e+00  1.85686686e-01
    8.00000000e+00  7.62968307e-02  7.04940114e-02  7.88321661e-02  3.21728727e-02  2.91426553e-05  -2.73534837e-01  1.19759341e+00  1.85432509e-01
    8.02500000e+00  7.64023435e-02  7.06388630e-02  7.89588044e-02  3.19173450e-02  2.90963671e-05  -2.73016278e-01  1.19809731e+00  1.85179884e-01
    8.05000000e+00  7.65066961e-02  7.07821833e-02  7.90836655e-02  3.16626649e-02  2.90830993e-05  -2.72493151e-01  1.19859995e+00  1.84928799e-01
    8.07500000e+00  7.66098873e-02  7.09239774e-02  7.92067665e-02  3.14087221e-02  2.91938545e-05  -2.71965555e-01  1.19910135e+00  1.84679240e-01
    8.10000000e+00  7.67119133e-02  7.10642473e-02  7.93281211e-02  3.11555060e-02  2.94327267e-05  -2.71433643e-01  1.19960155e+00  1.84431192e-01
    8.12500000e+00  7.68127726e-02  7.12029993e-02  7.94477453e-02  3.09030591e-02  2.94654350e-05  -2.70897519e-01  1.20010061e+00  1.84184640e-01
    8.15000000e+00  7.69124672e-02  7.13402416e-02  7.95656599e-02  3.06514546e-02  2.93495060e-05  -2.70357351e-01  1.20059855e+00  1.83939573e-01
    8.17500000e+00  7.70109963e-02  7.14759802e-02  7.96818835e-02  3.04006947e-02  2.92687177e-05  -2.69813310e-01  1.20109536e+00  1.83695980e-01
    8.20000000e+00  7.71083566e-02  7.16102197e-02  7.97964298e-02  3.01506881e-02  2.93720157e-05  -2.69265443e-01  1.20159106e+00  1.83453849e-01
    8.22500000e+00  7.72045432e-02  7.17429626e-02  7.99093095e-02  2.99013765e-02  2.95776769e-05  -2.68713930e-01  1.20208569e+00  1.83213164e-01
    8.25000000e+00  7.72995504e-02  7.18742096e-02  8.00205334e-02  2.96528273e-02  2.97554628e-05  -2.68158872e-01  1.20257932e+00  1.82973911e-01
    8.27500000e+00  7.73933737e-02  7.20039628e-02  8.01301134e-02  2.94050973e-02  2.98019540e-05  -2.67600344e-01  1.20307195e+00  1.82736075e-01
    8.30000000e+00  7.74860070e-02  7.21322243e-02  8.02380580e-02  2.91582190e-02  2.98491956e-05  -2.67038485e-01  1.20356357e+00  1.82499640e-01
    8.32500000e+00  7.75774426e-02  7.22589938e-02  8.03443765e-02  2.89120718e-02  2.99248342e-05  -2.66473477e-01  1.20405420e+00  1.82264596e-01
    8.35000000e+00  7.76676668e-02  7.23842640e-02  8.04490686e-02  2.86666793e-02  3.01245051e-05  -2.65905281e-01  1.20454389e+00  1.82030930e-01
    8.37500000e+00  7.77566647e-02  7.25080290e-02  8.05521314e-02  2.84220529e-02  3.03057727e-05  -2.65333985e-01  1.20503268e+00  1.81798632e-01
    8.40000000e+00  7.78444249e-02  7.26302850e-02  8.06535636e-02  2.81782283e-02  3.03776083e-05  -2.64759561e-01  1.20552059e+00  1.81567695e-01
    8.42500000e+00  7.79309298e-02  7.27510202e-02  8.07533589e-02  2.79352268e-02  3.04463201e-05  -2.64182079e-01  1.20600761e+00  1.81338110e-01
    8.45000000e+00  7.80161576e-02  7.28702204e-02  8.08515045e-02  2.76929951e-02  3.05449220e-05  -2.63601509e-01  1.20649378e+00  1.81109868e-01
    8.47500000e+00  7.81000873e-02  7.29878731e-02  8.09479889e-02  2.74515110e-02  3.07024320e-05  -2.63017850e-01  1.20697912e+00  1.80882959e-01
    8.50000000e+00  7.81826969e-02  7.31039622e-02  8.10427993e-02  2.72107871e-02  3.08503904e-05  -2.62431126e-01  1.20746368e+00  1.80657372e-01
    8.52500000e+00  7.82639606e-02  7.32184694e-02  8.11359173e-02  2.69708507e-02  3.09410139e-05  -2.61841339e-01  1.20794748e+00  1.80433096e-01
    8.55000000e+00  7.83438578e-02  7.33313799e-02  8.12273295e-02  2.67317967e-02  3.09964886e-05  -2.61248616e-01  1.20843052e+00  1.80210124e-01
    8.57500000e+00  7.84223664e-02  7.34426773e-02  8.13170209e-02  2.64935084e-02  3.11219935e-05  -2.60652936e-01  1.20891286e+00  1.79988446e-01
    8.60000000e+00  7.84994638e-02  7.35523454e-02  8.14049734e-02  2.62559817e-02  3.13344895e-05  -2.60054281e-01  1.20939451e+00  1.79768052e-01
    8.62500000e+00  7.85751296e-02  7.36603696e-02  8.14911780e-02  2.60192618e-02  3.15695014e-05  -2.59452760e-01  1.20987552e+00  1.79548935e-01
    8.65000000e+00  7.86493352e-02  7.37667270e-02  8.15756092e-02  2.57832923e-02  3.16436053e-05  -2.58848447e-01  1.21035593e+00  1.79331090e-01
    8.67500000e+00  7.87220528e-02  7.38713971e-02  8.16582447e-02  2.55481920e-02  3.17393807e-05  -2.58241237e-01  1.21083577e+00  1.79114507e-01
    8.70000000e+00  7.87932527e-02  7.39743537e-02  8.17390568e-02  2.53139637e-02  3.18998997e-05  -2.57631154e-01  1.21131505e+00  1.78899179e-01
    8.72500000e+00  7.88629023e-02  7.40755705e-02  8.18180156e-02  2.50805292e-02  3.20605415e-05  -2.57018243e-01  1.21179381e+00  1.78685099e-01
    8.75000000e+00  7.89309655e-02  7.41750150e-02  8.18950836e-02  2.48478609e-02  3.22448655e-05  -2.56402385e-01  1.21227210e+00  1.78472262e-01
    8.77500000e+00  7.89974018e-02  7.42726504e-02  8.19702182e-02  2.46160131e-02  3.23590443e-05  -2.55783540e-01  1.21274993e+00  1.78260661e-01
    8.80000000e+00  7.90621567e-02  7.43684285e-02  8.20433605e-02  2.43850690e-02  3.24810093e-05  -2.55161544e-01  1.21322736e+00  1.78050299e-01
    8.82500000e+00  7.91251803e-02  7.44623017e-02  8.21144461e-02  2.41550413e-02  3.26010756e-05  -2.54536149e-01  1.21370442e+00  1.77841174e-01
    8.85000000e+00  7.91864446e-02  7.45542422e-02  8.21834453e-02  2.39257742e-02  3.27497818e-05  -2.53907445e-01  1.21418112e+00  1.77633277e-01
    8.87500000e+00  7.92458864e-02  7.46441898e-02  8.22502909e-02  2.36974435e-02  3.29673575e-05  -2.53275289e-01  1.21465753e+00  1.77426616e-01
    8.90000000e+00  7.93034340e-02  7.47320737e-02  8.23148893e-02  2.34699328e-02  3.31008469e-05  -2.52639299e-01  1.21513368e+00  1.77221203e-01
    8.92500000e+00  7.93590070e-02  7.48178189e-02  8.23771410e-02  2.32432520e-02  3.32293425e-05  -2.51999102e-01  1.21560962e+00  1.77017048e-01
    8.95000000e+00  7.94125233e-02  7.49013463e-02  8.24369453e-02  2.30175400e-02  3.33342484e-05  -2.51354257e-01  1.21608542e+00  1.76814165e-01
    8.97500000e+00  7.94639100e-02  7.49825812e-02  8.24942031e-02  2.27927178e-02  3.34321631e-05  -2.50704425e-01  1.21656110e+00  1.76612565e-01
    9.00000000e+00  7.95131124e-02  7.50614704e-02  8.25488443e-02  2.25687480e-02  3.36394331e-05  -2.50049511e-01  1.21703672e+00  1.76412249e-01
    9.02500000e+00  7.95600919e-02  7.51379681e-02  8.26008176e-02  2.23456139e-02  3.38675035e-05  -2.49389570e-01  1.21751240e+00  1.76213217e-01
    9.05000000e+00  7.96048408e-02  7.52120563e-02  8.26501034e-02  2.21234005e-02  3.39644462e-05  -2.48724835e-01  1.21798824e+00  1.76015457e-01
    9.07500000e+00  7.96473854e-02  7.52837482e-02  8.26967290e-02  2.19021470e-02  3.40238814e-05  -2.48056031e-01  1.21846430e+00  1.75818939e-01
    9.10000000e+00  7.96877821e-02  7.53530782e-02  8.27407567e-02  2.16818259e-02  3.41322589e-05  -2.47384138e-01  1.21894069e+00  1.75623630e-01
    9.12500000e+00  7.97261137e-02  7.54201064e-02  8.27822806e-02  2.14624083e-02  3.43186493e-05  -2.46710222e-01  1.21941750e+00  1.75429486e-01
    9.15000000e+00  7.97624951e-02  7.54849212e-02  8.28214308e-02  2.12438163e-02  3.45621199e-05  -2.46035730e-01  1.21989485e+00  1.75236451e-01
    9.17500000e+00  7.97970580e-02  7.55476251e-02  8.28583626e-02  2.10261925e-02  3.47059944e-05  -2.45362223e-01  1.22037288e+00  1.75044464e-01
    9.20000000e+00  7.98299426e-02  7.56083265e-02  8.28932324e-02  2.08095918e-02  3.47543629e-05  -2.44691090e-01  1.22085166e+00  1.74853462e-01
    9.22500000e+00  7.98613047e-02  7.56671530e-02  8.29262183e-02  2.05939573e-02  3.48758014e-05  -2.44023923e-01  1.22133127e+00  1.74663371e-01
    9.25000000e+00  7.98913036e-02  7.57242317e-02  8.29574972e-02  2.03791716e-02  3.50467019e-05  -2.43362207e-01  1.22181179e+00  1.74474123e-01
    9.27500000e+00  7.99200969e-02  7.57796916e-02  8.29872447e-02  2.01653306e-02  3.52504394e-05  -2.42707170e-01  1.22229330e+00  1.74285643e-01
    9.30000000e+00  7.99478394e-02  7.58336621e-02  8.30156268e-02  1.99524586e-02  3.53419587e-05  -2.42059983e-01  1.22277591e+00  1.74097860e-01
    9.32500000e+00  7.99746820e-02  7.58862708e-02  8.30428071e-02  1.97406019e-02  3.53635461e-05  -2.41421683e-01  1.22325966e+00  1.73910702e-01
    9.35000000e+00  8.00007689e-02  7.59376346e-02  8.30689324e-02  1.95296431e-02  3.54394507e-05  -2.40793023e-01  1.22374458e+00  1.73724101e-01
    9.37500000e+00  8.00262363e-02  7.59878744e-02  8.30941446e-02  1.93196496e-02  3.56443875e-05  -2.40174618e-01  1.22423072e+00  1.73537995e-01
    9.40000000e+00  8.00512116e-02  7.60371036e-02  8.31185709e-02  1.91105768e-02  3.58207991e-05  -2.39567009e-01  1.22471814e+00  1.73352319e-01
    9.42500000e+00  8.00758131e-02  7.60854238e-02  8.31423314e-02  1.89024251e-02  3.59009936e-05  -2.38970418e-01  1.22520685e+00  1.73167015e-01
    9.45000000e+00  8.01001515e-02  7.61329302e-02  8.31655228e-02  1.86952918e-02  3.59940558e-05  -2.38385006e-01  1.22569691e+00  1.72982031e-01
    9.47500000e+00  8.01243327e-02  7.61797278e-02  8.31882567e-02  1.84891802e-02  3.61042324e-05  -2.37811057e-01  1.22618829e+00  1.72797314e-01
    9.50000000e+00  8.01484534e-02  7.62258999e-02  8.32106178e-02  1.82838169e-02  3.62647401e-05  -2.37248273e-01  1.22668103e+00  1.72612817e-01
    9.52500000e+00  8.01726070e-02  7.62715418e-02  8.32327013e-02  1.80795067e-02  3.64641970e-05  -2.36696749e-01  1.22717513e+00  1.72428485e-01
    9.55000000e+00  8.01968826e-02  7.63167539e-02  8.32546069e-02  1.78760878e-02  3.65892914e-05  -2.36156442e-01  1.22767058e+00  1.72244282e-01
    9.57500000e+00  8.02213607e-02  7.63616325e-02  8.32764320e-02  1.76735348e-02  3.66516885e-05  -2.35627072e-01  1.22816738e+00  1.72060161e-01
    9.60000000e+00  8.02461185e-02  7.64062523e-02  8.32982485e-02  1.74720296e-02  3.67348149e-05  -2.35108486e-01  1.22866555e+00  1.71876083e-01
    9.62500000e+00  8.02712371e-02  7.64506986e-02  8.33201334e-02  1.72713992e-02  3.69492891e-05  -2.34600603e-01  1.22916505e+00  1.71692013e-01
    9.65000000e+00  8.02967942e-02  7.64950545e-02  8.33421682e-02  1.70715354e-02  3.71746568e-05  -2.34103201e-01  1.22966591e+00  1.71507917e-01
    9.67500000e+00  8.03228623e-02  7.65393906e-02  8.33644206e-02  1.68726584e-02  3.72221694e-05  -2.33616001e-01  1.23016809e+00  1.71323762e-01
    9.70000000e+00  8.03495145e-02  7.65837816e-02  8.33869552e-02  1.66749195e-02  3.73340893e-05  -2.33138937e-01  1.23067157e+00  1.71139518e-01
    9.72500000e+00  8.03768218e-02  7.66283024e-02  8.34098486e-02  1.64778908e-02  3.75093376e-05  -2.32671822e-01  1.23117641e+00  1.70955165e-01
    9.75000000e+00  8.04048500e-02  7.66730180e-02  8.34331643e-02  1.62816259e-02  3.77000614e-05  -2.32214523e-01  1.23168244e+00  1.70770674e-01
    9.77500000e+00  8.04336567e-02  7.67179898e-02  8.34569542e-02  1.60864203e-02  3.79829880e-05  -2.31766654e-01  1.23218978e+00  1.70586030e-01
    9.80000000e+00  8.04633111e-02  7.67632883e-02  8.34812892e-02  1.58919132e-02  3.80182275e-05  -2.31328215e-01  1.23269833e+00  1.70401214e-01
    9.82500000e+00  8.04938676e-02  7.68089685e-02  8.35062283e-02  1.56982569e-02  3.79733712e-05  -2.30899121e-01  1.23320796e+00  1.70216203e-01
    9.85000000e+00  8.05253679e-02  7.68550807e-02  8.35318104e-02  1.55056978e-02  3.83139731e-05  -2.30478773e-01  1.23371879e+00  1.70030988e-01
    9.87500000e+00  8.05578783e-02  7.69016872e-02  8.35580965e-02  1.53134175e-02  3.84477363e-05  -2.30067198e-01  1.23423070e+00  1.69845559e-01
    9.90000000e+00  8.05914412e-02  7.69488413e-02  8.35851471e-02  1.51221667e-02  3.87095511e-05  -2.29664308e-01  1.23474349e+00  1.69659895e-01
    9.92500000e+00  8.06260648e-02  7.69965546e-02  8.36129573e-02  1.49323866e-02  3.89971707e-05  -2.29269240e-01  1.23525743e+00  1.69474000e-01
    9.95000000e+00  8.06618195e-02  7.70449070e-02  8.36416191e-02  1.47428380e-02  3.90449021e-05  -2.28882502e-01  1.23577220e+00  1.69287874e-01
    9.97500000e+00  8.06986990e-02  7.70939085e-02  8.36711269e-02  1.45544434e-02  3.92166814e-05  -2.28503278e-01  1.23628787e+00  1.69101512e-01
    1.00000000e+01  8.07367074e-02  7.71435738e-02  8.37014984e-02  1.43676592e-02  3.94996543e-05  -2.28131522e-01  1.23680463e+00  1.68914923e-01
    1.00250000e+01  8.07758935e-02  7.71939490e-02  8.37327737e-02  1.41806527e-02  3.96577185e-05  -2.27767056e-01  1.23732225e+00  1.68728139e-01
    1.00500000e+01  8.08162375e-02  7.72450387e-02  8.37649457e-02  1.39946578e-02  3.96854864e-05  -2.27409295e-01  1.23784046e+00  1.68541147e-01
    1.00750000e+01  8.08577185e-02  7.72968404e-02  8.37980075e-02  1.38100348e-02  3.98585968e-05  -2.27057764e-01  1.23835949e+00  1.68353978e-01
    1.01000000e+01  8.09003408e-02  7.73493615e-02  8.38319591e-02  1.36249035e-02  3.99638026e-05  -2.26711918e-01  1.23887906e+00  1.68166678e-01
    1.01250000e+01  8.09440568e-02  7.74025730e-02  8.38667421e-02  1.34405908e-02  4.03220542e-05  -2.26370870e-01  1.23939894e+00  1.67979244e-01
    1.01500000e+01  8.09887994e-02  7.74564513e-02  8.39023383e-02  1.32582799e-02  4.06512499e-05  -2.26034380e-01  1.23991933e+00  1.67791699e-01
    1.01750000e+01  8.10345483e-02  7.75109573e-02  8.39386931e-02  1.30752616e-02  4.09082528e-05  -2.25701896e-01  1.24044015e+00  1.67604132e-01
    1.02000000e+01  8.10812280e-02  7.75660526e-02  8.39757432e-02  1.28927954e-02  4.11882859e-05  -2.25372403e-01  1.24096080e+00  1.67416533e-01
    1.02250000e+01  8.11287243e-02  7.76216675e-02  8.40134134e-02  1.27125995e-02  4.15556217e-05  -2.25045242e-01  1.24148171e+00  1.67228937e-01
    1.02500000e+01  8.11769791e-02  7.76777440e-02  8.40516322e-02  1.25320336e-02  4.15902279e-05  -2.24720160e-01  1.24200294e+00  1.67041442e-01
    1.02750000e+01  8.12258971e-02  7.77342244e-02  8.40903184e-02  1.23520370e-02  4.19286151e-05  -2.24396105e-01  1.24252394e+00  1.66854065e-01
    1.03000000e+01  8.12753455e-02  7.77910076e-02  8.41293722e-02  1.21741192e-02  4.22006268e-05  -2.24072777e-01  1.24304496e+00  1.66666842e-01
    1.03250000e+01  8.13252298e-02  7.78480476e-02  8.41687242e-02  1.19954969e-02  4.18064344e-05  -2.23749006e-01  1.24356561e+00  1.66479858e-01
    1.03500000e+01  8.13753867e-02  7.79052003e-02  8.42082075e-02  1.18189283e-02  4.23548219e-05  -2.23424885e-01  1.24408682e+00  1.66293144e-01
    1.03750000e+01  8.14257504e-02  7.79624226e-02  8.42477895e-02  1.16425996e-02  4.26152972e-05  -2.23099693e-01  1.24460754e+00  1.66106764e-01
    1.04000000e+01  8.14762121e-02  7.80196417e-02  8.42873797e-02  1.14656937e-02  4.21464695e-05  -2.22772550e-01  1.24512755e+00  1.65920753e-01
    1.04250000e+01  8.15265887e-02  7.80767418e-02  8.43268451e-02  1.12915843e-02  4.27904786e-05  -2.22443114e-01  1.24564794e+00  1.65735134e-01
    1.04500000e+01  8.15768322e-02  7.81336623e-02  8.43661298e-02  1.11178130e-02  4.33469865e-05  -2.22111859e-01  1.24616841e+00  1.65550002e-01
    1.04750000e+01  8.16269002e-02  7.81903897e-02  8.44052313e-02  1.09422679e-02  4.26234670e-05  -2.21777761e-01  1.24668783e+00  1.65365367e-01
    1.05000000e+01  8.16766004e-02  7.82467899e-02  8.44439882e-02  1.07698453e-02  4.35493086e-05  -2.21440754e-01  1.24720741e+00  1.65181197e-01
    1.05250000e+01  8.17259401e-02  7.83028441e-02  8.44823816e-02  1.05975341e-02  4.44882304e-05  -2.21101502e-01  1.24772695e+00  1.64997605e-01
    1.05500000e+01  8.17749050e-02  7.83585816e-02  8.45204624e-02  1.04234034e-02  4.33581672e-05  -2.20758991e-01  1.24824516e+00  1.64814568e-01
    1.05750000e+01  8.18233245e-02  7.84138440e-02  8.45580459e-02  1.02524925e-02  4.38611542e-05  -2.20413103e-01  1.24876388e+00  1.64632036e-01
    1.06000000e+01  8.18712907e-02  7.84686979e-02  8.45952126e-02  1.00813871e-02  4.45978425e-05  -2.20065053e-01  1.24928198e+00  1.64450111e-01
    1.06250000e+01  8.19187869e-02  7.85231597e-02  8.46320115e-02  9.90922752e-03  4.35585288e-05  -2.19714016e-01  1.24979866e+00  1.64268749e-01
    1.06500000e+01  8.19656840e-02  7.85771185e-02  8.46683036e-02  9.74040843e-03  4.44266450e-05  -2.19360188e-01  1.25031596e+00  1.64087901e-01
    1.06750000e+01  8.20121026e-02  7.86306115e-02  8.47041240e-02  9.57058248e-03  4.53055230e-05  -2.19004968e-01  1.25083258e+00  1.63907690e-01
    1.07000000e+01  8.20580908e-02  7.86837632e-02  8.47396556e-02  9.39923178e-03  4.44596375e-05  -2.18647727e-01  1.25134743e+00  1.63727991e-01
    1.07250000e+01  8.21034416e-02  7.87363818e-02  8.47746750e-02  9.23362570e-03  4.52888918e-05  -2.18288497e-01  1.25186376e+00  1.63548845e-01
    1.07500000e+01  8.21483750e-02  7.87885647e-02  8.48092632e-02  9.06540178e-03  4.57586053e-05  -2.17930438e-01  1.25237860e+00  1.63370285e-01
    1.07750000e+01  8.21929452e-02  7.88404525e-02  8.48436315e-02  8.89548842e-03  4.47758692e-05  -2.17569315e-01  1.25289246e+00  1.63192247e-01
    1.08000000e+01  8.22368837e-02  7.88918129e-02  8.48774905e-02  8.73205635e-03  4.51678045e-05  -2.17207125e-01  1.25340721e+00  1.63014726e-01
    1.08250000e+01  8.22804420e-02  7.89427668e-02  8.49109791e-02  8.56612099e-03  4.57781697e-05  -2.16840565e-01  1.25392156e+00  1.62837812e-01
    1.08500000e+01  8.23236871e-02  7.89934245e-02  8.49442426e-02  8.39713543e-03  4.57323866e-05  -2.16477428e-01  1.25443440e+00  1.62661391e-01
    1.08750000e+01  8.23663813e-02  7.90436211e-02  8.49770715e-02  8.23409947e-03  4.75771189e-05  -2.16117152e-01  1.25494847e+00  1.62485528e-01
    1.09000000e+01  8.24086810e-02  7.90934116e-02  8.50095277e-02  8.07039570e-03  4.72691646e-05  -2.15747565e-01  1.25546101e+00  1.62310243e-01
    1.09250000e+01  8.24506842e-02  7.91428996e-02  8.50417453e-02  7.90356941e-03  4.71051784e-05  -2.15389051e-01  1.25597280e+00  1.62135424e-01
    1.09500000e+01  8.24921970e-02  7.91919906e-02  8.50735904e-02  7.74184782e-03  4.87085325e-05  -2.15025018e-01  1.25648604e+00  1.61961160e-01
    1.09750000e+01  8.25332880e-02  7.92406451e-02  8.51050317e-02  7.58088987e-03  4.87333441e-05  -2.14663456e-01  1.25699732e+00  1.61787469e-01
    1.10000000e+01  8.25741703e-02  7.92890527e-02  8.51362942e-02  7.41516725e-03  4.75922462e-05  -2.14298523e-01  1.25750759e+00  1.61614204e-01
    1.10250000e+01  8.26145994e-02  7.93370950e-02  8.51672111e-02  7.25402421e-03  4.92406628e-05  -2.13931649e-01  1.25801970e+00  1.61441469e-01
    1.10500000e+01  8.26545515e-02  7.93846681e-02  8.51976644e-02  7.09613271e-03  4.85931807e-05  -2.13578953e-01  1.25852935e+00  1.61269305e-01
    1.10750000e+01  8.26943278e-02  7.94320106e-02  8.52279737e-02  6.93223729e-03  4.69051323e-05  -2.13204926e-01  1.25903844e+00  1.61097545e-01
    1.11000000e+01  8.27337202e-02  7.94790158e-02  8.52579922e-02  6.77197399e-03  4.83780901e-05  -2.12840740e-01  1.25954995e+00  1.60926300e-01
    1.11250000e+01  8.27726671e-02  7.95256033e-02  8.52876044e-02  6.61446344e-03  4.87420233e-05  -2.12475503e-01  1.26005980e+00  1.60755684e-01
    1.11500000e+01  8.28114081e-02  7.95718877e-02  8.53169607e-02  6.45202817e-03  4.74737574e-05  -2.12120890e-01  1.26056747e+00  1.60585477e-01
    1.11750000e+01  8.28497627e-02  7.96178208e-02  8.53460309e-02  6.29318326e-03  4.88882968e-05  -2.11750986e-01  1.26107769e+00  1.60415738e-01
    1.12000000e+01  8.28876967e-02  7.96633822e-02  8.53747704e-02  6.13826178e-03  5.07157018e-05  -2.11401888e-01  1.26158674e+00  1.60246664e-01
    1.12250000e+01  8.29254563e-02  7.97086243e-02  8.54032285e-02  5.97597824e-03  4.88158688e-05  -2.11015477e-01  1.26209271e+00  1.60077957e-01
    1.12500000e+01  8.29628339e-02  7.97535458e-02  8.54314300e-02  5.81921136e-03  5.01730719e-05  -2.10667965e-01  1.26260169e+00  1.59909708e-01
    1.12750000e+01  8.29997260e-02  7.97980169e-02  8.54592093e-02  5.66763770e-03  5.10798891e-05  -2.10306358e-01  1.26311006e+00  1.59742052e-01
    1.13000000e+01  8.30364976e-02  7.98422713e-02  8.54868478e-02  5.50744971e-03  4.99540139e-05  -2.09948978e-01  1.26361584e+00  1.59574854e-01
    1.13250000e+01  8.30728696e-02  7.98861799e-02  8.55141708e-02  5.35154231e-03  5.18623600e-05  -2.09588733e-01  1.26412255e+00  1.59408067e-01
    1.13500000e+01  8.31087899e-02  7.99296570e-02  8.55411121e-02  5.20192414e-03  5.38317352e-05  -2.09235697e-01  1.26463057e+00  1.59241804e-01
    1.13750000e+01  8.31446094e-02  7.99729903e-02  8.55680231e-02  5.04411156e-03  5.25155366e-05  -2.08887346e-01  1.26513723e+00  1.59076067e-01
    1.14000000e+01  8.31800599e-02  8.00159413e-02  8.55945506e-02  4.88820740e-03  5.28053365e-05  -2.08505858e-01  1.26564340e+00  1.58910798e-01
    1.14250000e+01  8.32150579e-02  8.00585061e-02  8.56207450e-02  4.74004693e-03  5.49749130e-05  -2.08199648e-01  1.26615029e+00  1.58745978e-01
    1.14500000e+01  8.32498173e-02  8.01007915e-02  8.56467261e-02  4.58639711e-03  5.23007241e-05  -2.07771012e-01  1.26665801e+00  1.58581663e-01
    1.14750000e+01  8.32843940e-02  8.01428231e-02  8.56725215e-02  4.43137907e-03  5.63210628e-05  -2.07453911e-01  1.26716394e+00  1.58417838e-01
    1.15000000e+01  8.33185632e-02  8.01845695e-02  8.56980795e-02  4.28101967e-03  5.54329146e-05  -2.07412594e-01  1.26767038e+00  1.58254478e-01
    1.15250000e+01  8.33523866e-02  8.02258846e-02  8.57232097e-02  4.13011882e-03  5.46681341e-05  -2.06757544e-01  1.26817653e+00  1.58091563e-01
    1.15500000e+01  8.33860858e-02  8.02670167e-02  8.57482424e-02  3.97612959e-03  5.71380982e-05  -2.06408531e-01  1.26868181e+00  1.57929150e-01
    1.15750000e+01  8.34194303e-02  8.03078216e-02  8.57729968e-02  3.82560703e-03  5.44987136e-05  -2.06069440e-01  1.26918667e+00  1.57767171e-01
    1.16000000e+01  8.34523765e-02  8.03482794e-02  8.57974276e-02  3.67733727e-03  5.57988369e-05  -2.06141537e-01  1.26969173e+00  1.57605673e-01
    1.16250000e+01  8.34851146e-02  8.03884180e-02  8.58215759e-02  3.52659251e-03  5.66869556e-05  -2.05657590e-01  1.27019474e+00  1.57444637e-01
    1.16500000e+01  8.35176467e-02  8.04282860e-02  8.58455207e-02  3.37646649e-03  5.57159680e-05  -2.05489697e-01  1.27069681e+00  1.57283977e-01
    1.16750000e+01  8.35498715e-02  8.04680163e-02  8.58693750e-02  3.22700603e-03  5.42052837e-05  -2.04708892e-01  1.27120076e+00  1.57123790e-01
    1.17000000e+01  8.35818352e-02  8.05072540e-02  8.58927355e-02  3.07722772e-03  5.52388578e-05  -2.04389789e-01  1.27170246e+00  1.56964073e-01
    1.17250000e+01  8.36135569e-02  8.05462800e-02  8.59160148e-02  2.93030487e-03  5.16535310e-05  -2.03954648e-01  1.27220432e+00  1.56804719e-01
    1.17500000e+01  8.36449034e-02  8.05850162e-02  8.59390946e-02  2.78360282e-03  5.44261236e-05  -2.03585821e-01  1.27270647e+00  1.56645878e-01
    1.17750000e+01  8.36757944e-02  8.06233129e-02  8.59617244e-02  2.63824792e-03  5.70311971e-05  -2.04319056e-01  1.27320564e+00  1.56487429e-01
    1.18000000e+01  8.37066106e-02  8.06614386e-02  8.59842311e-02  2.49053286e-03  5.55943402e-05  -2.03775389e-01  1.27370696e+00  1.56329409e-01
    1.18250000e+01  8.37371347e-02  8.06993444e-02  8.60065930e-02  2.34344276e-03  5.54595175e-05  -2.02698756e-01  1.27420825e+00  1.56171851e-01
    1.18500000e+01  8.37672630e-02  8.07368373e-02  8.60285638e-02  2.20158636e-03  5.49734359e-05  -2.02373357e-01  1.27470829e+00  1.56014688e-01
    1.18750000e+01  8.37973743e-02  8.07742060e-02  8.60504785e-02  2.05205286e-03  5.40599722e-05  -2.02287738e-01  1.27520740e+00  1.55857956e-01
    1.19000000e+01  8.38273116e-02  8.08113345e-02  8.60722876e-02  1.90260494e-03  5.52743320e-05  -2.01719408e-01  1.27570695e+00  1.55701669e-01
    1.19250000e+01  8.38562885e-02  8.08480068e-02  8.60935603e-02  1.76881444e-03  5.25420814e-05  -2.01447149e-01  1.27620675e+00  1.55545793e-01
    1.19500000e+01  8.38851504e-02  8.08841479e-02  8.61143227e-02  1.62358676e-03  5.23337349e-05  -2.01271493e-01  1.27670719e+00  1.55390328e-01
    1.19750000e+01  8.39144453e-02  8.09204974e-02  8.61355524e-02  1.47202355e-03  5.27776535e-05  -2.01074530e-01  1.27720611e+00  1.55235316e-01
    1.20000000e+01  8.39429057e-02  8.09563301e-02  8.61561235e-02  1.33520936e-03  5.15747923e-05  -2.00319460e-01  1.27770510e+00  1.55080706e-01
    1.20250000e+01  8.39709934e-02  8.09918490e-02  8.61764259e-02  1.19628505e-03  5.23102258e-05  -1.99961710e-01  1.27820627e+00  1.54926496e-01
    1.20500000e+01  8.39993342e-02  8.10273989e-02  8.61969842e-02  1.04733819e-03  5.28276649e-05  -1.99535590e-01  1.27870406e+00  1.54772747e-01
    1.20750000e+01  8.40270243e-02  8.10622823e-02  8.62167921e-02  9.08738573e-04  4.91829675e-05  -1.98192044e-01  1.27920126e+00  1.54619352e-01
    1.21000000e+01  8.40544472e-02  8.10969730e-02  8.62364088e-02  7.71189862e-04  5.18940327e-05  -1.99206079e-01  1.27970142e+00  1.54466348e-01
